56888  0  0  1  1  2 0.60  0
56889  0  0  1  1  2 0.60  0
56890  0  0  1  1  2 0.60  0
56891  0  0  1  1  2 0.60  0
56892  0  0  1  1  2 0.60  0
56893  0  0  1  1  2 0.60  0
56894  0  0  1  1  2 0.60  0
56895  0  0  1  1  2 0.60  0
56896  0  0  1  1  2 0.60  0
56897  0  0  1  1  2 0.60  0
56898  0  0  1  1  2 0.60  0
56899  0  0  1  1  2 0.60  0
56900  0  0  1  1  2 0.60  0
56901  0  0  1  1  2 0.60  0
56902  8  1  1  0  0 0.00  05:57
56903  8  1  1  0  0 0.00  06:49
56904  8  1  1  0  0 0.00  07:48
56905  8  1  1  0  0 0.00  08:50
56906  8  1  1  0  0 0.00  09:57
56907 10  1  0  0  0 0.00  0
56908 10  1  0  0  0 0.00  0
56909 10  1  0  0  0 0.00  0
56910 -1  0  0  0  0 0.00  0
56911 10  1  0  0  0 0.00  0
56912 10  1  0  0  0 0.00  0
56913  4  1  1  0  0 0.00  03:49
56914  4  1  1  0  0 0.00  04:36
56915  4  1  1  0  0 0.00  05:23
56916  4  1  1  0  0 0.00  06:11
56917  4  1  1  0  0 0.00  07:03
56918  0  0  1  1  1 0.60  0
56919  0  0  1  1  1 0.60  0
56920  0  0  1  1  1 0.60  0
56921  0  0  1  1  1 0.60  0
56922  0  0  1  1  1 0.60  0
56923  0  0  1  1  1 0.60  0
56924  0  0  1  1  1 0.60  0
56925  0  0  1  1  1 0.60  0
56926  0  0  1  1  1 0.60  0
56927  0  0  1  1  1 0.60  0
56928  0  0  1  1  1 0.60  0
56929  0  0  1  1  1 0.40  0
56930  0  0  1  1  1 0.40  0
56931  8  1  1  0  0 0.00  05:39
56932  8  1  1  0  0 0.00  06:38
56933  8  1  1  0  0 0.00  07:42
56934  8  1  1  0  0 0.00  08:48
56935  8  1  1  0  0 0.00  09:55
56936 10  1  0  0  0 0.00  0
56937 10  1  0  0  0 0.00  0
56938 -1  0  0  0  0 0.00  0
56939 10  1  0  0  0 0.00  0
56940 10  1  0  0  0 0.00  0
56941 10  1  0  0  0 0.00  0
56942  4  1  1  0  0 0.00  03:12
56943  4  1  1  0  0 0.00  04:03
56944  4  1  1  0  0 0.00  04:53
56945  4  1  1  0  0 0.00  05:47
56946  4  1  1  0  0 0.00  06:38
56947  4  1  1  0  0 0.00  07:31
56948  0  0  1  1  1 0.40  0
56949  0  0  1  1  1 0.40  0
56950  0  0  1  1  1 0.40  0
56951  0  0  1  1  1 0.40  0
56952  0  0  1  1  1 0.40  0
56953  0  0  1  1  1 0.40  0
56954  0  0  1  1  1 0.40  0
56955  0  0  1  1  1 0.40  0
56956  0  0  1  1  1 0.40  0
56957  0  0  1  1  1 0.40  0
56958  0  0  1  1  1 0.40  0
56959  0  0  1  1  1 0.40  0
56960  0  0  1  1  1 0.40  0
56961  8  1  1  0  0 0.00  06:37
56962  8  1  1  0  0 0.00  07:42
56963  8  1  1  0  0 0.00  08:48
56964  8  1  1  0  0 0.00  09:53
56965  8  1  1  0  0 0.00  10:57
56966 10  1  0  0  0 0.00  0
56967 -1  0  0  0  0 0.00  0
56968 10  1  0  0  0 0.00  0
56969 10  1  0  0  0 0.00  0
56970 10  1  0  0  0 0.00  0
56971  4  1  1  0  0 0.00  02:41
56972  4  1  1  0  0 0.00  03:34
56973  4  1  1  0  0 0.00  04:29
56974  4  1  1  0  0 0.00  05:22
56975  4  1  1  0  0 0.00  06:14
56976  4  1  1  0  0 0.00  07:07
56977  4  1  1  0  0 0.00  08:01
56978  0  0  1  1  1 0.40  0
56979  0  0  1  1  1 0.40  0
56980  0  0  1  1  1 0.40  0
56981  0  0  1  1  1 0.40  0
56982  0  0  1  1  1 0.40  0
56983  0  0  1  1  1 0.40  0
56984  0  0  1  1  1 0.40  0
56985  0  0  1  1  1 0.40  0
56986  0  0  1  1  1 0.40  0
56987  0  0  1  1  1 0.40  0
56988  0  0  1  1  1 0.40  0
56989  0  0  1  1  1 0.40  0
56990  8  1  1  0  0 0.00  06:40
56991  8  1  1  0  0 0.00  07:43
56992  8  1  1  0  0 0.00  08:48
56993  8  1  1  0  0 0.00  09:51
56994  8  1  1  0  0 0.00  10:53
56995 10  1  0  0  0 0.00  0
56996 -1  0  0  0  0 0.00  0
56997 10  1  0  0  0 0.00  0
56998 10  1  0  0  0 0.00  0
56999 10  1  0  0  0 0.00  0
57000  4  1  1  0  0 0.00  02:16
57001  4  1  1  0  0 0.00  03:11
57002  4  1  1  0  0 0.00  04:05
57003  4  1  1  0  0 0.00  04:57
57004  4  1  1  0  0 0.00  05:50
57005  4  1  1  0  0 0.00  06:43
57006  4  1  1  0  0 0.00  07:36
57007  4  1  1  0  0 0.00  08:29
57008  0  0  1  1  1 0.40  0
57009  0  0  1  1  1 0.40  0
57010  0  0  1  1  1 0.40  0
57011  0  0  1  1  1 0.40  0
57012  0  0  1  1  1 0.40  0
57013  0  0  1  1  1 0.40  0
57014  0  0  1  1  1 0.40  0
57015  0  0  1  1  1 0.40  0
57016  0  0  1  1  1 0.40  0
57017  0  0  1  1  1 0.40  0
57018  0  0  1  1  1 0.40  0
57019  8  1  1  0  0 0.00  06:41
57020  8  1  1  0  0 0.00  07:44
57021  8  1  1  0  0 0.00  08:47
57022  8  1  1  0  0 0.00  09:47
57023  8  1  1  0  0 0.00  10:47
57024  8  1  1  0  0 0.00  11:44
57025 10  1  0  0  0 0.00  0
57026 10  1  0  0  0 0.00  0
57027 10  1  0  0  0 0.00  0
57028 -1  0  0  0  0 0.00  0
57029 10  1  0  0  0 0.00  0
57030  4  1  1  0  0 0.00  02:48
57031  4  1  1  0  0 0.00  03:42
57032  4  1  1  0  0 0.00  04:34
57033  4  1  1  0  0 0.00  05:26
57034  4  1  1  0  0 0.00  06:20
57035  4  1  1  0  0 0.00  07:14
57036  4  1  1  0  0 0.00  08:08
57037  4  1  1  0  0 0.00  09:06
57038  0  0  1  1  2 0.40  0
57039  0  0  1  1  2 0.40  0
57040  0  0  1  1  2 0.40  0
57041  0  0  1  1  2 0.40  0
57042  0  0  1  1  2 0.40  0
57043  0  0  1  1  2 0.40  0
57044  0  0  1  1  2 0.40  0
57045  0  0  1  1  2 0.40  0
57046  0  0  1  1  2 0.40  0
57047  0  0  1  1  2 0.40  0
57048  0  0  1  1  2 0.40  0
57049  7  1  0  1  0 0.00  07:41
57050  7  1  0  1  0 0.00  08:41
57051  7  1  0  1  0 0.00  09:38
57052  7  1  0  1  0 0.00  10:32
57053  7  1  0  1  0 0.00  11:24
57054 10  1  0  0  0 0.00  0
57055 10  1  0  0  0 0.00  0
57056 10  1  0  0  0 0.00  0
57057 -1  0  0  0  0 0.00  0
57058 10  1  0  0  0 0.00  0
57059 10  1  0  0  0 0.00  0
57060  4  1  1  0  0 0.00  03:21
57061  4  1  1  0  0 0.00  04:12
57062  4  1  1  0  0 0.00  05:05
57063  4  1  1  0  0 0.00  06:00
57064  4  1  1  0  0 0.00  06:55
57065  4  1  1  0  0 0.00  07:51
57066  4  1  1  0  0 0.00  08:48
57067  0  0  1  1  1 0.40  0
57068  0  0  1  1  1 0.40  0
57069  0  0  1  1  1 0.40  0
57070  0  0  1  1  1 0.40  0
57071  0  0  1  1  1 0.40  0
57072  0  0  1  1  1 0.40  0
57073  0  0  1  1  1 0.40  0
57074  0  0  1  1  1 0.40  0
57075  0  0  1  1  1 0.40  0
57076  0  0  1  1  1 0.40  0
57077  0  0  1  1  1 0.40  0
57078  7  1  0  1  0 0.00  07:31
57079  7  1  0  1  0 0.00  08:28
57080  7  1  0  1  0 0.00  09:21
57081  7  1  0  1  0 0.00  10:08
57082  7  1  0  1  0 0.00  10:52
57083 10  1  0  0  0 0.00  0
57084 10  1  0  0  0 0.00  0
57085 -1  0  0  0  0 0.00  0
57086 10  1  0  0  0 0.00  0
57087 10  1  0  0  0 0.00  0
57088 10  1  0  0  0 0.00  0
57089 10  1  0  0  0 0.00  0
57090  3  1  0  1  0 0.00  03:55
57091  3  1  0  1  0 0.00  04:49
57092  3  1  0  1  0 0.00  05:44
57093  3  1  0  1  0 0.00  06:38
57094  3  1  0  1  0 0.00  07:34
57095  3  1  0  1  0 0.00  08:28
57096  3  1  0  1  0 0.00  09:22
57097  0  0  1  1  2 0.60  0
57098  0  0  1  1  2 0.60  0
57099  0  0  1  1  2 0.60  0
57100  0  0  1  1  2 0.60  0
57101  0  0  1  1  2 0.60  0
57102  0  0  1  1  2 0.60  0
57103  0  0  1  1  2 0.60  0
57104  0  0  1  1  2 0.60  0
57105  0  0  1  1  2 0.60  0
57106  0  0  1  1  2 0.60  0
57107  0  0  1  1  2 0.60  0
57108  7  1  0  1  0 0.00  08:04
57109  7  1  0  1  0 0.00  08:50
57110  7  1  0  1  0 0.00  09:32
57111  7  1  0  1  0 0.00  10:09
57112 10  1  0  0  0 0.00  0
57113 10  1  0  0  0 0.00  0
57114 10  1  0  0  0 0.00  0
57115 -1  0  0  0  0 0.00  0
57116 10  1  0  0  0 0.00  0
57117 10  1  0  0  0 0.00  0
57118 10  1  0  0  0 0.00  0
57119 10  1  0  0  0 0.00  0
57120  3  1  0  1  0 0.00  04:34
57121  3  1  0  1  0 0.00  05:29
57122  3  1  0  1  0 0.00  06:23
57123  3  1  0  1  0 0.00  07:16
57124  3  1  0  1  0 0.00  08:05
57125  3  1  0  1  0 0.00  08:52
57126  0  0  1  1  2 0.60  0
57127  0  0  1  1  2 0.60  0
57128  0  0  1  1  2 0.60  0
57129  0  0  1  1  2 0.60  0
57130  0  0  1  1  2 0.60  0
57131  0  0  1  1  2 0.60  0
57132  0  0  1  1  2 0.60  0
57133  0  0  1  1  2 0.60  0
57134  0  0  1  1  2 0.60  0
57135  0  0  1  1  2 0.60  0
57136  0  0  1  1  2 0.60  0
57137  7  1  0  1  0 0.00  07:29
57138  7  1  0  1  0 0.00  08:08
57139  7  1  0  1  0 0.00  08:46
57140  7  1  0  1  0 0.00  09:20
57141  7  1  0  1  0 0.00  09:53
57142 10  1  0  0  0 0.00  0
57143 10  1  0  0  0 0.00  0
57144 10  1  0  0  0 0.00  0
57145 10  1  0  0  0 0.00  0
57146 10  1  0  0  0 0.00  0
57147 -1  0  0  0  0 0.00  0
57148 10  1  0  0  0 0.00  0
57149  3  1  0  1  0 0.00  04:19
57150  3  1  0  1  0 0.00  05:14
57151  3  1  0  1  0 0.00  06:03
57152  3  1  0  1  0 0.00  06:52
57153  3  1  0  1  0 0.00  07:36
57154  3  1  0  1  0 0.00  08:18
57155  3  1  0  1  0 0.00  08:59
57156  0  0  1  1  2 0.60  0
57157  0  0  1  1  2 0.60  0
57158  0  0  1  1  2 0.60  0
57159  0  0  1  1  2 0.60  0
57160  0  0  1  1  2 0.60  0
57161  0  0  1  1  2 0.60  0
57162  0  0  1  1  2 0.60  0
57163  0  0  1  1  2 0.60  0
57164  0  0  1  1  2 0.60  0
57165  0  0  1  1  2 0.60  0
57166  0  0  1  1  2 0.60  0
57167  7  1  0  1  0 0.00  07:19
57168  7  1  0  1  0 0.00  07:52
57169  7  1  0  1  0 0.00  08:25
57170  7  1  0  1  0 0.00  08:58
57171  7  1  0  1  0 0.00  09:31
57172 10  1  0  0  0 0.00  0
57173 10  1  0  0  0 0.00  0
57174 10  1  0  0  0 0.00  0
57175 10  1  0  0  0 0.00  0
57176 -1  0  0  0  0 0.00  0
57177 10  1  0  0  0 0.00  0
57178 10  1  0  0  0 0.00  0
57179  3  1  0  1  0 0.00  04:51
57180  3  1  0  1  0 0.00  05:37
57181  3  1  0  1  0 0.00  06:20
57182  3  1  0  1  0 0.00  06:59
57183  3  1  0  1  0 0.00  07:40
57184  3  1  0  1  0 0.00  08:19
57185  0  0  1  1  2 0.60  0
57186  0  0  1  1  2 0.60  0
57187  0  0  1  1  2 0.60  0
57188  0  0  1  1  2 0.60  0
57189  0  0  1  1  2 0.60  0
57190  0  0  1  1  2 0.60  0
57191  0  0  1  1  2 0.60  0
57192  0  0  1  1  2 0.60  0
57193  0  0  1  1  2 0.60  0
57194  0  0  1  1  2 0.60  0
57195  0  0  1  1  2 0.60  0
57196  0  0  1  1  2 0.60  0
57197  7  1  0  1  0 0.00  06:57
57198  7  1  0  1  0 0.00  07:30
57199  7  1  0  1  0 0.00  08:03
57200  7  1  0  1  0 0.00  08:39
57201  7  1  0  1  0 0.00  09:19
57202 10  1  0  0  0 0.00  0
57247  0  0  1  1  2 0.60  0
57248  0  0  1  1  2 0.60  0
57249  0  0  1  1  2 0.60  0
57250  0  0  1  1  2 0.60  0
57251  0  0  1  1  2 0.60  0
57252  0  0  1  1  2 0.60  0
57253  0  0  1  1  2 0.60  0
57254  0  0  1  1  2 0.60  0
57255  0  0  1  1  2 0.60  0
57256  8  1  1  0  0 0.00  05:51
57257  8  1  1  0  0 0.00  06:33
57258  8  1  1  0  0 0.00  07:20
57259  8  1  1  0  0 0.00  08:14
57260  8  1  1  0  0 0.00  09:11
57261  8  1  1  0  0 0.00  10:15
57262 -1  0  0  0  0 0.00  0
57263 10  1  0  0  0 0.00  0
57264 10  1  0  0  0 0.00  0
57265 10  1  0  0  0 0.00  0
57266 10  1  0  0  0 0.00  0
57267  4  1  1  0  0 0.00  03:40
57268  4  1  1  0  0 0.00  04:23
57269  4  1  1  0  0 0.00  05:10
57270  4  1  1  0  0 0.00  05:58
57271  4  1  1  0  0 0.00  06:48
57272  4  1  1  0  0 0.00  07:41
57273  0  0  1  1  2 0.60  0
57274  0  0  1  1  2 0.60  0
57275  0  0  1  1  2 0.60  0
57276  0  0  1  1  2 0.60  0
57277  0  0  1  1  2 0.60  0
57278  0  0  1  1  2 0.60  0
57279  0  0  1  1  2 0.60  0
57280  0  0  1  1  2 0.60  0
57281  0  0  1  1  2 0.60  0
57282  0  0  1  1  2 0.60  0
57283  0  0  1  1  2 0.60  0
57284  0  0  1  1  2 0.60  0
57285  0  0  1  1  2 0.60  0
57286  8  1  1  0  0 0.00  06:03
57287  8  1  1  0  0 0.00  06:57
57288  8  1  1  0  0 0.00  07:56
57289  8  1  1  0  0 0.00  08:59
57290  8  1  1  0  0 0.00  10:05
57291 10  1  0  0  0 0.00  0
57292 10  1  0  0  0 0.00  0
57293 10  1  0  0  0 0.00  0
57294 -1  0  0  0  0 0.00  0
57295 10  1  0  0  0 0.00  0
57296  4  1  1  0  0 0.00  03:00
57297  4  1  1  0  0 0.00  03:51
57298  4  1  1  0  0 0.00  04:41
57299  4  1  1  0  0 0.00  05:36
57300  4  1  1  0  0 0.00  06:30
57301  4  1  1  0  0 0.00  07:25
57302  0  0  1  1  1 0.40  0
57303  0  0  1  1  1 0.40  0
57304  0  0  1  1  1 0.40  0
57305  0  0  1  1  1 0.40  0
57306  0  0  1  1  1 0.40  0
57307  0  0  1  1  1 0.40  0
57308  0  0  1  1  1 0.40  0
57309  0  0  1  1  1 0.40  0
57310  0  0  1  1  1 0.40  0
57311  0  0  1  1  1 0.40  0
57312  0  0  1  1  1 0.40  0
57313  0  0  1  1  1 0.40  0
57314  0  0  1  1  1 0.40  0
57315  8  1  1  0  0 0.00  05:47
57316  8  1  1  0  0 0.00  06:45
57317  8  1  1  0  0 0.00  07:48
57318  8  1  1  0  0 0.00  08:51
57319  8  1  1  0  0 0.00  09:58
57320  8  1  1  0  0 0.00  11:05
57321 10  1  0  0  0 0.00  0
57322 -1  0  0  0  0 0.00  0
57323 10  1  0  0  0 0.00  0
57324 10  1  0  0  0 0.00  0
57325  4  1  1  0  0 0.00  02:28
57326  4  1  1  0  0 0.00  03:22
57327  4  1  1  0  0 0.00  04:18
57328  4  1  1  0  0 0.00  05:15
57329  4  1  1  0  0 0.00  06:11
57330  4  1  1  0  0 0.00  07:06
57331  4  1  1  0  0 0.00  08:00
57332  0  0  1  1  1 0.40  0
57333  0  0  1  1  1 0.40  0
57334  0  0  1  1  1 0.40  0
57335  0  0  1  1  1 0.40  0
57336  0  0  1  1  1 0.40  0
57337  0  0  1  1  1 0.40  0
57338  0  0  1  1  1 0.40  0
57339  0  0  1  1  1 0.40  0
57340  0  0  1  1  1 0.40  0
57341  0  0  1  1  1 0.40  0
57342  0  0  1  1  1 0.40  0
57343  0  0  1  1  1 0.40  0
57344  0  0  1  1  1 0.40  0
57345  8  1  1  0  0 0.00  06:41
57346  8  1  1  0  0 0.00  07:43
57347  8  1  1  0  0 0.00  08:48
57348  8  1  1  0  0 0.00  09:55
57349  8  1  1  0  0 0.00  11:02
57350 10  1  0  0  0 0.00  0
57351 -1  0  0  0  0 0.00  0
57352 10  1  0  0  0 0.00  0
57353 10  1  0  0  0 0.00  0
57354 10  1  0  0  0 0.00  0
57355  4  1  1  0  0 0.00  03:00
57356  4  1  1  0  0 0.00  03:57
57357  4  1  1  0  0 0.00  04:54
57358  4  1  1  0  0 0.00  05:49
57359  4  1  1  0  0 0.00  06:44
57360  4  1  1  0  0 0.00  07:37
57361  4  1  1  0  0 0.00  08:29
57362  0  0  1  1  1 0.40  0
57363  0  0  1  1  1 0.40  0
57364  0  0  1  1  1 0.40  0
57365  0  0  1  1  1 0.40  0
57366  0  0  1  1  1 0.40  0
57367  0  0  1  1  1 0.40  0
57368  0  0  1  1  1 0.40  0
57369  0  0  1  1  1 0.40  0
57370  0  0  1  1  1 0.40  0
57371  0  0  1  1  1 0.40  0
57372  0  0  1  1  1 0.40  0
57373  0  0  1  1  1 0.40  0
57374  8  1  1  0  0 0.00  06:40
57375  8  1  1  0  0 0.00  07:43
57376  8  1  1  0  0 0.00  08:48
57377  8  1  1  0  0 0.00  09:54
57378  8  1  1  0  0 0.00  10:59
57379 10  1  0  0  0 0.00  0
57380 -1  0  0  0  0 0.00  0
57381 10  1  0  0  0 0.00  0
57382 10  1  0  0  0 0.00  0
57383 10  1  0  0  0 0.00  0
57384  4  1  1  0  0 0.00  02:39
57385  4  1  1  0  0 0.00  03:36
57386  4  1  1  0  0 0.00  04:32
57387  4  1  1  0  0 0.00  05:26
57388  4  1  1  0  0 0.00  06:20
57389  4  1  1  0  0 0.00  07:12
57390  4  1  1  0  0 0.00  08:04
57391  4  1  1  0  0 0.00  08:58
57392  0  0  1  1  1 0.40  0
57393  0  0  1  1  1 0.40  0
57394  0  0  1  1  1 0.40  0
57395  0  0  1  1  1 0.40  0
57396  0  0  1  1  1 0.40  0
57397  0  0  1  1  1 0.40  0
57398  0  0  1  1  1 0.40  0
57399  0  0  1  1  1 0.40  0
57400  0  0  1  1  1 0.40  0
57401  0  0  1  1  1 0.40  0
57402  0  0  1  1  1 0.40  0
57403  7  1  0  1  0 0.00  06:42
57404  7  1  0  1  0 0.00  07:45
57405  7  1  0  1  0 0.00  08:49
57406  7  1  0  1  0 0.00  09:52
57407  7  1  0  1  0 0.00  10:52
57408  7  1  0  1  0 0.00  11:50
57409 -1  0  0  0  0 0.00  0
57410 10  1  0  0  0 0.00  0
57411 10  1  0  0  0 0.00  0
57412 10  1  0  0  0 0.00  0
57413 10  1  0  0  0 0.00  0
57414  4  1  1  0  0 0.00  03:15
57415  4  1  1  0  0 0.00  04:09
57416  4  1  1  0  0 0.00  05:03
57417  4  1  1  0  0 0.00  05:55
57418  4  1  1  0  0 0.00  06:47
57419  4  1  1  0  0 0.00  07:41
57420  4  1  1  0  0 0.00  08:34
57421  0  0  1  1  2 0.40  0
57422  0  0  1  1  2 0.40  0
57423  0  0  1  1  2 0.40  0
57424  0  0  1  1  2 0.40  0
57425  0  0  1  1  2 0.40  0
57426  0  0  1  1  2 0.40  0
57427  0  0  1  1  2 0.40  0
57428  0  0  1  1  2 0.40  0
57429  0  0  1  1  2 0.40  0
57430  0  0  1  1  2 0.40  0
57431  0  0  1  1  2 0.40  0
57432  0  0  1  1  2 0.40  0
57433  7  1  0  1  0 0.00  07:45
57434  7  1  0  1  0 0.00  08:48
57435  7  1  0  1  0 0.00  09:45
57436  7  1  0  1  0 0.00  10:40
57437  7  1  0  1  0 0.00  11:28
57438 10  1  0  0  0 0.00  0
57439 10  1  0  0  0 0.00  0
57440 10  1  0  0  0 0.00  0
57441 -1  0  0  0  0 0.00  0
57442 10  1  0  0  0 0.00  0
57443 10  1  0  0  0 0.00  0
57444  3  1  0  1  0 0.00  03:46
57445  3  1  0  1  0 0.00  04:40
57446  3  1  0  1  0 0.00  05:32
57447  3  1  0  1  0 0.00  06:24
57448  3  1  0  1  0 0.00  07:18
57449  3  1  0  1  0 0.00  08:10
57450  3  1  0  1  0 0.00  09:02
57451  0  0  1  1  1 0.40  0
57452  0  0  1  1  1 0.40  0
57453  0  0  1  1  1 0.40  0
57454  0  0  1  1  1 0.40  0
57455  0  0  1  1  1 0.40  0
57456  0  0  1  1  1 0.40  0
57457  0  0  1  1  1 0.40  0
57458  0  0  1  1  1 0.40  0
57459  0  0  1  1  1 0.40  0
57460  0  0  1  1  1 0.40  0
57461  0  0  1  1  1 0.60  0
57462  7  1  0  1  0 0.00  07:40
57463  7  1  0  1  0 0.00  08:36
57464  7  1  0  1  0 0.00  09:26
57465  7  1  0  1  0 0.00  10:12
57466  7  1  0  1  0 0.00  10:54
57467 10  1  0  0  0 0.00  0
57468 10  1  0  0  0 0.00  0
57469 -1  0  0  0  0 0.00  0
57470 10  1  0  0  0 0.00  0
57471 10  1  0  0  0 0.00  0
57472 10  1  0  0  0 0.00  0
57473 10  1  0  0  0 0.00  0
57474  3  1  0  1  0 0.00  04:18
57475  3  1  0  1  0 0.00  05:11
57476  3  1  0  1  0 0.00  06:02
57477  3  1  0  1  0 0.00  06:55
57478  3  1  0  1  0 0.00  07:45
57479  3  1  0  1  0 0.00  08:34
57480  3  1  0  1  0 0.00  09:21
57481  0  0  1  1  2 0.60  0
57482  0  0  1  1  2 0.60  0
57483  0  0  1  1  2 0.60  0
57484  0  0  1  1  2 0.60  0
57485  0  0  1  1  2 0.60  0
57486  0  0  1  1  2 0.60  0
57487  0  0  1  1  2 0.60  0
57488  0  0  1  1  2 0.60  0
57489  0  0  1  1  2 0.60  0
57490  0  0  1  1  2 0.60  0
57491  7  1  0  1  0 0.00  07:22
57492  7  1  0  1  0 0.00  08:12
57493  7  1  0  1  0 0.00  08:55
57494  7  1  0  1  0 0.00  09:34
57495  7  1  0  1  0 0.00  10:10
57496 10  1  0  0  0 0.00  0
57497 10  1  0  0  0 0.00  0
57498 10  1  0  0  0 0.00  0
57499 -1  0  0  0  0 0.00  0
57500 10  1  0  0  0 0.00  0
57501 10  1  0  0  0 0.00  0
57502 10  1  0  0  0 0.00  0
57503  3  1  0  1  0 0.00  03:58
57504  3  1  0  1  0 0.00  04:51
57505  3  1  0  1  0 0.00  05:41
57506  3  1  0  1  0 0.00  06:31
57507  3  1  0  1  0 0.00  07:17
57508  3  1  0  1  0 0.00  08:01
57509  3  1  0  1  0 0.00  08:44
57510  0  0  1  1  2 0.60  0
57511  0  0  1  1  2 0.60  0
57512  0  0  1  1  2 0.60  0
57513  0  0  1  1  2 0.60  0
57514  0  0  1  1  2 0.60  0
57515  0  0  1  1  2 0.60  0
57516  0  0  1  1  2 0.60  0
57517  0  0  1  1  2 0.60  0
57518  0  0  1  1  2 0.60  0
57519  0  0  1  1  2 0.60  0
57520  0  0  1  1  2 0.60  0
57521  7  1  0  1  0 0.00  07:33
57522  7  1  0  1  0 0.00  08:12
57523  7  1  0  1  0 0.00  08:47
57524  7  1  0  1  0 0.00  09:20
57525 10  1  0  0  0 0.00  0
57526 10  1  0  0  0 0.00  0
57527 10  1  0  0  0 0.00  0
57528 -1  0  0  0  0 0.00  0
57529 10  1  0  0  0 0.00  0
57530 10  1  0  0  0 0.00  0
57531 10  1  0  0  0 0.00  0
57532 10  1  0  0  0 0.00  0
57533  3  1  0  1  0 0.00  04:29
57534  3  1  0  1  0 0.00  05:15
57535  3  1  0  1  0 0.00  06:00
57536  3  1  0  1  0 0.00  06:43
57537  3  1  0  1  0 0.00  07:23
57538  3  1  0  1  0 0.00  08:03
57539  3  1  0  1  0 0.00  08:42
57540  0  0  1  1  2 0.60  0
57541  0  0  1  1  2 0.60  0
57542  0  0  1  1  2 0.60  0
57543  0  0  1  1  2 0.60  0
57544  0  0  1  1  2 0.60  0
57545  0  0  1  1  2 0.60  0
57546  0  0  1  1  2 0.60  0
57547  0  0  1  1  2 0.60  0
57548  0  0  1  1  2 0.60  0
57549  0  0  1  1  2 0.60  0
57550  0  0  1  1  2 0.60  0
57551  7  1  0  1  0 0.00  07:20
57552  7  1  0  1  0 0.00  07:53
57553  7  1  0  1  0 0.00  08:26
57554  7  1  0  1  0 0.00  08:59
57555 10  1  0  0  0 0.00  0
57556 10  1  0  0  0 0.00  0
57557 10  1  0  0  0 0.00  0
57558 10  1  0  0  0 0.00  0
57559 10  1  0  0  0 0.00  0
57560 -1  0  0  0  0 0.00  0
57561 10  1  0  0  0 0.00  0
57562 10  1  0  0  0 0.00  0
57563  3  1  0  1  0 0.00  04:43
57564  3  1  0  1  0 0.00  05:25
57565  3  1  0  1  0 0.00  06:04
57566  3  1  0  1  0 0.00  06:43
57567  3  1  0  1  0 0.00  07:21
57568  3  1  0  1  0 0.00  08:03
57569  0  0  1  1  2 0.60  0
57570  0  0  1  1  2 0.60  0
57571  0  0  1  1  2 0.60  0
57572  0  0  1  1  2 0.60  0
57573  0  0  1  1  2 0.60  0
57574  0  0  1  1  2 0.60  0
