# SDSS-V APO PLATE Schedule File 
# Date: 26 Sept 2019 (Frinchaboy)  
#
# Col  Title              Description
#----------------------------------------------------------------------------------------------------------------------------------------------------------------------------------
#  1  MJD                 Date of observation
#  2  MJD_start_bright    Beginning of bright (APOGEE-2) time (0.0000 if none)  
#  3  MJD_end_bright      End of bright (APOGEE-2) time  (in MJD)
#  4  MJD_start_dark      Beginning of dark time (0.0000 if none)  
#  5  MJD_end_dark        End of dark time
#  6  Eng                 0 = normal night   1 = Recommissioning after shutdown  2 = Monthly Engineering night (not counted toward survey time)  9 = Summer shutdown
#  7  Engtype             0 = normal night   1 = Recommissioning after shutdown  2 = Flex Eng (Both Day + Night)  3 = Flex Eng (Night only) 4 = Flex Eng (Day only) 9 = Summer shutdown
#  8  Comment             Comments on special nights
#-----------------------------------------------------------------------------------------------------------------------------------------------------------------------------------
#
#  MJD       MJD_start_bright      MJD_end_bright      MJD_start_dark        MJD_end_dark    Eng Engtype   
#                                                                                                                                                                                    
#=========================================================================================================================================================================================================================================================
2459128.0    0   0      0.0   2459128.627778      2459129.006250      2459128.576389      2459128.627778      0.0 0.0       0.0 0.0    5   5   1    1      0.0 0.0    0.0  0.0  0.0  0.0  
2459129.0    0   0      0.0   2459129.653472      2459130.006944      2459129.575694      2459129.653472      0.0 0.0       0.0 0.0    5   5   1    1      0.0 0.0    0.0  0.0  0.0  0.0  
2459130.0    0   0      0.0   2459130.682639      2459131.006944      2459130.575000      2459130.682639      0.0 0.0       0.0 0.0    5   5   1    1      0.0 0.0    0.0  0.0  0.0  0.0  
2459131.0    0   0      0.0   2459131.716667      2459132.007639      2459131.574306      2459131.716667      0.0 0.0       0.0 0.0    5   5   1    1      0.0 0.0    0.0  0.0  0.0  0.0  
2459132.0    0   0      0.0   2459132.754167      2459133.008333      2459132.572917      2459132.754167      0.0 0.0       0.0 0.0    5   5   1    1      0.0 0.0    0.0  0.0  0.0  0.0  
2459133.0    0   0      0.0   2459133.796528      2459134.008333      2459133.572222      2459133.796528      0.0 0.0       0.0 0.0    5   5   1    1      0.0 0.0    0.0  0.0  0.0  0.0  
2459134.0    0   0      0.0         0.000000            0.000000      2459134.571528      2459134.999306      0.0 0.0       0.0 0.0    5   5   1    1      0.0 0.0    0.0  0.0  0.0  0.0  
2459135.0    0   0      0.0         0.000000            0.000000      2459135.570833      2459136.000000      0.0 0.0       0.0 0.0    5   5   1    1      0.0 0.0    0.0  0.0  0.0  0.0  
2459136.0    0   0      0.0         0.000000            0.000000      2459136.570139      2459137.000000      0.0 0.0       0.0 0.0    5   5   1    1      0.0 0.0    0.0  0.0  0.0  0.0  
2459137.0    0   0      0.0         0.000000            0.000000      2459137.569444      2459138.000694      0.0 0.0       0.0 0.0    5   5   1    1      0.0 0.0    0.0  0.0  0.0  0.0  
2459138.0    0   0      0.0         0.000000            0.000000      2459138.568056      2459139.001389      0.0 0.0       0.0 0.0    5   5   1    1      0.0 0.0    0.0  0.0  0.0  0.0  
2459139.0    0   0      0.0         0.000000            0.000000      2459139.567361      2459140.001389      0.0 0.0       0.0 0.0    5   5   1    1      0.0 0.0    0.0  0.0  0.0  0.0  
2459140.0    0   0      0.0         0.000000            0.000000      2459140.566667      2459141.002083      0.0 0.0       0.0 0.0    5   5   0    0      0.0 0.0    0.0  0.0  0.0  0.0  
2459141.0    0   0      0.0         0.000000            0.000000      2459141.565972      2459142.002778      0.0 0.0       0.0 0.0    5   5   0    0      0.0 0.0    0.0  0.0  0.0  0.0  
2459142.0    0   0      0.0         0.000000            0.000000      2459142.565278      2459143.003472      0.0 0.0       0.0 0.0    5   5   0    0      0.0 0.0    0.0  0.0  0.0  0.0  
2459143.0    0   0      0.0         0.000000            0.000000      2459143.564583      2459144.003472      0.0 0.0       0.0 0.0    5   5   0    0      0.0 0.0    0.0  0.0  0.0  0.0  
2459144.0    0   0      0.0   2459144.554167      2459144.701389      2459144.701389      2459145.004167      0.0 0.0       0.0 0.0    5   5   0    0      0.0 0.0    0.0  0.0  0.0  0.0  
2459145.0    0   0      0.0   2459145.553472      2459145.743056      2459145.743056      2459146.004861      0.0 0.0       0.0 0.0    5   5   0    0      0.0 0.0    0.0  0.0  0.0  0.0  
2459146.0    0   0      0.0   2459146.552778      2459146.784722      2459146.784722      2459147.004861      0.0 0.0       0.0 0.0    5   5   0    0      0.0 0.0    0.0  0.0  0.0  0.0  
2459147.0    0   0      0.0   2459147.552083      2459147.826389      2459147.826389      2459148.005556      0.0 0.0       0.0 0.0    5   5   0    0      0.0 0.0    0.0  0.0  0.0  0.0  
2459148.0    0   0      0.0   2459148.551389      2459148.866667      2459148.866667      2459149.006250      0.0 0.0       0.0 0.0    5   5   0    0      0.0 0.0    0.0  0.0  0.0  0.0  
2459149.0    0   0      0.0   2459149.550694      2459149.905556      2459149.905556      2459150.006944      0.0 0.0       0.0 0.0    5   5   0    0      0.0 0.0    0.0  0.0  0.0  0.0  
2459150.0    0   0      0.0   2459150.550000      2459150.943750      2459150.943750      2459151.006944      0.0 0.0       0.0 0.0    5   5   0    0      0.0 0.0    0.0  0.0  0.0  0.0  
2459151.0    0   0      0.0   2459151.549306      2459152.018056            0.000000            0.000000      0.0 0.0       0.0 0.0    5   5   0    2      0.0 0.0    0.0  0.0  0.0  0.0  
2459152.0    0   0      0.0   2459152.548611      2459153.018056            0.000000            0.000000      0.0 0.0       0.0 0.0    5   5   0    2      0.0 0.0    0.0  0.0  0.0  0.0  
2459153.0    0   0      0.0   2459153.547917      2459154.018750            0.000000            0.000000      0.0 0.0       0.0 0.0    5   5   2    2      0.0 0.0    0.0  0.0  0.0  0.0  
2459154.0    0   0      0.0   2459154.547222      2459155.019444            0.000000            0.000000      0.0 0.0       0.0 0.0    5   5   0    3      0.0 0.0    0.0  0.0  0.0  0.0  
2459155.0    0   0      0.0   2459155.547222      2459156.020139            0.000000            0.000000      0.0 0.0       0.0 0.0    5   5   0    0      0.0 0.0    0.0  0.0  0.0  0.0  
2459156.0    0   0      0.0   2459156.546528      2459157.020139            0.000000            0.000000      0.0 0.0       0.0 0.0    5   5   0    0      0.0 0.0    0.0  0.0  0.0  0.0  
2459157.0    0   0      0.0   2459157.597917      2459158.020833      2459157.556250      2459157.597917      0.0 0.0       0.0 0.0    5   5   0    0      0.0 0.0    0.0  0.0  0.0  0.0  
2459158.0    0   0      0.0   2459158.629861      2459159.021528      2459158.555556      2459158.629861      0.0 0.0       0.0 0.0    5   5   0    0      0.0 0.0    0.0  0.0  0.0  0.0  
2459159.0    0   0      0.0   2459159.665972      2459160.022222      2459159.554861      2459159.665972      0.0 0.0       0.0 0.0    5   5   0    0      0.0 0.0    0.0  0.0  0.0  0.0  
2459160.0    0   0      0.0   2459160.705556      2459161.022917      2459160.554861      2459160.705556      0.0 0.0       0.0 0.0    5   5   0    0      0.0 0.0    0.0  0.0  0.0  0.0  
2459161.0    0   0      0.0   2459161.748611      2459162.022917      2459161.554167      2459161.748611      0.0 0.0       0.0 0.0    5   5   0    0      0.0 0.0    0.0  0.0  0.0  0.0  
2459162.0    0   0      0.0   2459162.793056      2459163.023611      2459162.553472      2459162.793056      0.0 0.0       0.0 0.0    5   5   0    0      0.0 0.0    0.0  0.0  0.0  0.0  
2459163.0    0   0      0.0         0.000000            0.000000      2459163.553472      2459164.013889      0.0 0.0       0.0 0.0    5   5   0    0      0.0 0.0    0.0  0.0  0.0  0.0  
2459164.0    0   0      0.0         0.000000            0.000000      2459164.552778      2459165.014583      0.0 0.0       0.0 0.0    5   5   0    0      0.0 0.0    0.0  0.0  0.0  0.0  
2459165.0    0   0      0.0         0.000000            0.000000      2459165.552778      2459166.015278      0.0 0.0       0.0 0.0    5   5   0    0      0.0 0.0    0.0  0.0  0.0  0.0  
2459166.0    0   0      0.0         0.000000            0.000000      2459166.552083      2459167.015972      0.0 0.0       0.0 0.0    5   5   0    0      0.0 0.0    0.0  0.0  0.0  0.0  
2459167.0    0   0      0.0         0.000000            0.000000      2459167.552083      2459168.015972      0.0 0.0       0.0 0.0    5   5   0    0      0.0 0.0    0.0  0.0  0.0  0.0  
2459168.0    0   0      0.0         0.000000            0.000000      2459168.551389      2459169.016667      0.0 0.0       0.0 0.0    5   5   0    0      0.0 0.0    0.0  0.0  0.0  0.0  
2459169.0    0   0      0.0         0.000000            0.000000      2459169.551389      2459170.017361      0.0 0.0       0.0 0.0    5   5   0    0      0.0 0.0    0.0  0.0  0.0  0.0  
2459170.0    0   0      0.0         0.000000            0.000000      2459170.550694      2459171.018056      0.0 0.0       0.0 0.0    5   5   0    0      0.0 0.0    0.0  0.0  0.0  0.0  
2459171.0    0   0      0.0         0.000000            0.000000      2459171.550694      2459172.018750      0.0 0.0       0.0 0.0    5   5   0    0      0.0 0.0    0.0  0.0  0.0  0.0  
2459172.0    0   0      0.0         0.000000            0.000000      2459172.550694      2459173.018750      0.0 0.0       0.0 0.0    5   5   0    0      0.0 0.0    0.0  0.0  0.0  0.0  
2459173.0    0   0      0.0         0.000000            0.000000      2459173.550000      2459174.019444      0.0 0.0       0.0 0.0    5   5   0    0      0.0 0.0    0.0  0.0  0.0  0.0  
2459174.0    0   0      0.0   2459174.539583      2459174.736111      2459174.736111      2459175.020139      0.0 0.0       0.0 0.0    5   5   0    0      0.0 0.0    0.0  0.0  0.0  0.0  
2459175.0    0   0      0.0   2459175.539583      2459175.777778      2459175.777778      2459176.020833      0.0 0.0       0.0 0.0    5   5   0    0      0.0 0.0    0.0  0.0  0.0  0.0  
2459176.0    0   0      0.0   2459176.539583      2459176.817361      2459176.817361      2459177.021528      0.0 0.0       0.0 0.0    5   5   0    0      0.0 0.0    0.0  0.0  0.0  0.0  
2459177.0    0   0      0.0   2459177.538889      2459177.856250      2459177.856250      2459178.021528      0.0 0.0       0.0 0.0    5   5   0    0      0.0 0.0    0.0  0.0  0.0  0.0  
2459178.0    0   0      0.0   2459178.538889      2459178.893750      2459178.893750      2459179.022222      0.0 0.0       0.0 0.0    5   5   0    0      0.0 0.0    0.0  0.0  0.0  0.0  
2459179.0    0   0      0.0   2459179.538889      2459179.931250      2459179.931250      2459180.022917      0.0 0.0       0.0 0.0    5   5   0    0      0.0 0.0    0.0  0.0  0.0  0.0  
2459180.0    0   0      0.0   2459180.538889      2459180.968750      2459180.968750      2459181.023611      0.0 0.0       0.0 0.0    5   5   0    0      0.0 0.0    0.0  0.0  0.0  0.0  
2459181.0    0   0      0.0   2459181.538889      2459182.034028            0.000000            0.000000      0.0 0.0       0.0 0.0    5   5   0    3      0.0 0.0    0.0  0.0  0.0  0.0  
2459182.0    0   0      0.0   2459182.538889      2459183.034722            0.000000            0.000000      0.0 0.0       0.0 0.0    5   5   0    3      0.0 0.0    0.0  0.0  0.0  0.0  
2459183.0    0   0      0.0   2459183.538889      2459184.035417            0.000000            0.000000      0.0 0.0       0.0 0.0    5   5   2    3      0.0 0.0    0.0  0.0  0.0  0.0  
2459184.0    0   0      0.0   2459184.538889      2459185.036111            0.000000            0.000000      0.0 0.0       0.0 0.0    5   5   0    2      0.0 0.0    0.0  0.0  0.0  0.0  
2459185.0    0   0      0.0   2459185.538889      2459186.036111            0.000000            0.000000      0.0 0.0       0.0 0.0    5   5   0    4      0.0 0.0    0.0  0.0  0.0  0.0  
2459186.0    0   0      0.0   2459186.538889      2459187.036806            0.000000            0.000000      0.0 0.0       0.0 0.0    5   5   0    4      0.0 0.0    0.0  0.0  0.0  0.0  
2459187.0    0   0      0.0   2459187.618750      2459188.037500      2459187.549306      2459187.618750      0.0 0.0       0.0 0.0    5   5   0    0      0.0 0.0    0.0  0.0  0.0  0.0  
2459188.0    0   0      0.0   2459188.660417      2459189.038194      2459188.549306      2459188.660417      0.0 0.0       0.0 0.0    5   5   0    0      0.0 0.0    0.0  0.0  0.0  0.0  
2459189.0    0   0      0.0   2459189.704167      2459190.038194      2459189.549306      2459189.704167      0.0 0.0       0.0 0.0    5   5   0    0      0.0 0.0    0.0  0.0  0.0  0.0  
2459190.0    0   0      0.0   2459190.748611      2459191.038889      2459190.549306      2459190.748611      0.0 0.0       0.0 0.0    5   5   0    0      0.0 0.0    0.0  0.0  0.0  0.0  
2459191.0    0   0      0.0   2459191.793056      2459192.039583      2459191.549306      2459191.793056      0.0 0.0       0.0 0.0    5   5   0    0      0.0 0.0    0.0  0.0  0.0  0.0  
2459192.0    0   0      0.0   2459192.838194      2459193.040278      2459192.550000      2459192.838194      0.0 0.0       0.0 0.0    5   5   0    0      0.0 0.0    0.0  0.0  0.0  0.0  
2459193.0    0   0      0.0         0.000000            0.000000      2459193.550000      2459194.029861      0.0 0.0       0.0 0.0    5   5   0    0      0.0 0.0    0.0  0.0  0.0  0.0  
2459194.0    0   0      0.0         0.000000            0.000000      2459194.550000      2459195.030556      0.0 0.0       0.0 0.0    5   5   0    0      0.0 0.0    0.0  0.0  0.0  0.0  
2459195.0    0   0      0.0         0.000000            0.000000      2459195.550000      2459196.030556      0.0 0.0       0.0 0.0    5   5   0    0      0.0 0.0    0.0  0.0  0.0  0.0  
2459196.0    0   0      0.0         0.000000            0.000000      2459196.550694      2459197.031250      0.0 0.0       0.0 0.0    5   5   0    0      0.0 0.0    0.0  0.0  0.0  0.0  
2459197.0    0   0      0.0         0.000000            0.000000      2459197.550694      2459198.031944      0.0 0.0       0.0 0.0    5   5   0    0      0.0 0.0    0.0  0.0  0.0  0.0  
2459198.0    0   0      0.0         0.000000            0.000000      2459198.550694      2459199.031944      0.0 0.0       0.0 0.0    5   5   0    0      0.0 0.0    0.0  0.0  0.0  0.0  
2459199.0    0   0      0.0         0.000000            0.000000      2459199.551389      2459200.032639      0.0 0.0       0.0 0.0    5   5   0    0      0.0 0.0    0.0  0.0  0.0  0.0  
2459200.0    0   0      0.0         0.000000            0.000000      2459200.551389      2459201.032639      0.0 0.0       0.0 0.0    5   5   0    0      0.0 0.0    0.0  0.0  0.0  0.0  
2459201.0    0   0      0.0         0.000000            0.000000      2459201.551389      2459202.033333      0.0 0.0       0.0 0.0    5   5   0    0      0.0 0.0    0.0  0.0  0.0  0.0  
2459202.0    0   0      0.0         0.000000            0.000000      2459202.552083      2459203.034028      0.0 0.0       0.0 0.0    5   5   0    0      0.0 0.0    0.0  0.0  0.0  0.0  
2459203.0    0   0      0.0         0.000000            0.000000      2459203.552083      2459204.034028      0.0 0.0       0.0 0.0    5   5   0    0      0.0 0.0    0.0  0.0  0.0  0.0  
2459204.0    0   0      0.0   2459204.542361      2459204.765972      2459204.765972      2459205.034722      0.0 0.0       0.0 0.0    5   5   0    0      0.0 0.0    0.0  0.0  0.0  0.0  
2459205.0    0   0      0.0   2459205.542361      2459205.804861      2459205.804861      2459206.034722      0.0 0.0       0.0 0.0    5   5   0    0      0.0 0.0    0.0  0.0  0.0  0.0  
2459206.0    0   0      0.0   2459206.543056      2459206.842361      2459206.842361      2459207.034722      0.0 0.0       0.0 0.0    5   5   0    0      0.0 0.0    0.0  0.0  0.0  0.0  
2459207.0    0   0      0.0   2459207.543056      2459207.879861      2459207.879861      2459208.035417      0.0 0.0       0.0 0.0    5   5   0    0      0.0 0.0    0.0  0.0  0.0  0.0  
2459208.0    0   0      0.0   2459208.543750      2459208.917361      2459208.917361      2459209.035417      0.0 0.0       0.0 0.0    5   5   0    0      0.0 0.0    0.0  0.0  0.0  0.0  
2459209.0    0   0      0.0   2459209.543750      2459209.956250      2459209.956250      2459210.036111      0.0 0.0       0.0 0.0    5   5   0    0      0.0 0.0    0.0  0.0  0.0  0.0  
2459210.0    0   0      0.0   2459210.544444      2459211.046528            0.000000            0.000000      0.0 0.0       0.0 0.0    5   5   0    0      0.0 0.0    0.0  0.0  0.0  0.0  
2459211.0    0   0      0.0   2459211.545139      2459212.047222            0.000000            0.000000      0.0 0.0       0.0 0.0    5   5   0    3      0.0 0.0    0.0  0.0  0.0  0.0  
2459212.0    0   0      0.0   2459212.545139      2459213.047222            0.000000            0.000000      0.0 0.0       0.0 0.0    5   5   2    2      0.0 0.0    0.0  0.0  0.0  0.0  
2459213.0    0   0      0.0   2459213.545833      2459214.047222            0.000000            0.000000      0.0 0.0       0.0 0.0    5   5   0    2      0.0 0.0    0.0  0.0  0.0  0.0  
2459214.0    0   0      0.0   2459214.546528      2459215.047222            0.000000            0.000000      0.0 0.0       0.0 0.0    5   5   0    2      0.0 0.0    0.0  0.0  0.0  0.0  
2459215.0    0   0      0.0   2459215.546528      2459216.047917            0.000000            0.000000      0.0 0.0       0.0 0.0    5   5   0    4      0.0 0.0    0.0  0.0  0.0  0.0  
2459216.0    0   0      0.0   2459216.615972      2459217.047917      2459216.557639      2459216.615972      0.0 0.0       0.0 0.0    5   5   0    0      0.0 0.0    0.0  0.0  0.0  0.0  
2459217.0    0   0      0.0   2459217.660417      2459218.047917      2459217.558333      2459217.660417      0.0 0.0       0.0 0.0    5   5   0    0      0.0 0.0    0.0  0.0  0.0  0.0  
2459218.0    0   0      0.0   2459218.704861      2459219.047917      2459218.558333      2459218.704861      0.0 0.0       0.0 0.0    5   5   0    0      0.0 0.0    0.0  0.0  0.0  0.0  
2459219.0    0   0      0.0   2459219.750000      2459220.047917      2459219.559028      2459219.750000      0.0 0.0       0.0 0.0    5   5   0    0      0.0 0.0    0.0  0.0  0.0  0.0  
2459220.0    0   0      0.0   2459220.794444      2459221.048611      2459220.559722      2459220.794444      0.0 0.0       0.0 0.0    5   5   0    0      0.0 0.0    0.0  0.0  0.0  0.0  
2459221.0    0   0      0.0   2459221.840278      2459222.048611      2459221.560417      2459221.840278      0.0 0.0       0.0 0.0    5   5   0    0      0.0 0.0    0.0  0.0  0.0  0.0  
2459222.0    0   0      0.0         0.000000            0.000000      2459222.560417      2459223.038194      0.0 0.0       0.0 0.0    5   5   0    0      0.0 0.0    0.0  0.0  0.0  0.0  
2459223.0    0   0      0.0         0.000000            0.000000      2459223.561111      2459224.038194      0.0 0.0       0.0 0.0    5   5   0    0      0.0 0.0    0.0  0.0  0.0  0.0  
2459224.0    0   0      0.0         0.000000            0.000000      2459224.561806      2459225.038194      0.0 0.0       0.0 0.0    5   5   0    0      0.0 0.0    0.0  0.0  0.0  0.0  
2459225.0    0   0      0.0         0.000000            0.000000      2459225.562500      2459226.038194      0.0 0.0       0.0 0.0    5   5   0    0      0.0 0.0    0.0  0.0  0.0  0.0  
2459226.0    0   0      0.0         0.000000            0.000000      2459226.563194      2459227.038194      0.0 0.0       0.0 0.0    5   5   0    0      0.0 0.0    0.0  0.0  0.0  0.0  
2459227.0    0   0      0.0         0.000000            0.000000      2459227.563194      2459228.038194      0.0 0.0       0.0 0.0    5   5   0    0      0.0 0.0    0.0  0.0  0.0  0.0  
2459228.0    0   0      0.0         0.000000            0.000000      2459228.563889      2459229.038194      0.0 0.0       0.0 0.0    5   5   0    0      0.0 0.0    0.0  0.0  0.0  0.0  
2459229.0    0   0      0.0         0.000000            0.000000      2459229.564583      2459230.038194      0.0 0.0       0.0 0.0    5   5   0    0      0.0 0.0    0.0  0.0  0.0  0.0  
2459230.0    0   0      0.0         0.000000            0.000000      2459230.565278      2459231.037500      0.0 0.0       0.0 0.0    5   5   0    0      0.0 0.0    0.0  0.0  0.0  0.0  
2459231.0    0   0      0.0         0.000000            0.000000      2459231.565972      2459232.037500      0.0 0.0       0.0 0.0    5   5   0    0      0.0 0.0    0.0  0.0  0.0  0.0  
2459232.0    0   0      0.0         0.000000            0.000000      2459232.565972      2459233.037500      0.0 0.0       0.0 0.0    5   5   0    0      0.0 0.0    0.0  0.0  0.0  0.0  
2459233.0    0   0      0.0         0.000000            0.000000      2459233.566667      2459234.037500      0.0 0.0       0.0 0.0    5   5   0    0      0.0 0.0    0.0  0.0  0.0  0.0  
2459234.0    0   0      0.0   2459234.556944      2459234.789583      2459234.789583      2459235.037500      0.0 0.0       0.0 0.0    5   5   0    0      0.0 0.0    0.0  0.0  0.0  0.0  
2459235.0    0   0      0.0   2459235.557639      2459235.827083      2459235.827083      2459236.036806      0.0 0.0       0.0 0.0    5   5   0    0      0.0 0.0    0.0  0.0  0.0  0.0  
2459236.0    0   0      0.0   2459236.558333      2459236.865972      2459236.865972      2459237.036806      0.0 0.0       0.0 0.0    5   5   0    0      0.0 0.0    0.0  0.0  0.0  0.0  
2459237.0    0   0      0.0   2459237.559028      2459237.904861      2459237.904861      2459238.036806      0.0 0.0       0.0 0.0    5   5   0    0      0.0 0.0    0.0  0.0  0.0  0.0  
2459238.0    0   0      0.0   2459238.559722      2459238.944444      2459238.944444      2459239.036111      0.0 0.0       0.0 0.0    5   5   0    0      0.0 0.0    0.0  0.0  0.0  0.0  
2459239.0    0   0      0.0   2459239.560417      2459239.984722      2459239.984722      2459240.036111      0.0 0.0       0.0 0.0    5   5   0    0      0.0 0.0    0.0  0.0  0.0  0.0  
2459240.0    0   0      0.0   2459240.560417      2459241.045833            0.000000            0.000000      0.0 0.0       0.0 0.0    5   5   0    0      0.0 0.0    0.0  0.0  0.0  0.0  
2459241.0    0   0      0.0   2459241.561111      2459242.045833            0.000000            0.000000      0.0 0.0       0.0 0.0    5   5   0    2      0.0 0.0    0.0  0.0  0.0  0.0  
2459242.0    0   0      0.0   2459242.561806      2459243.045139            0.000000            0.000000      0.0 0.0       0.0 0.0    5   5   2    2      0.0 0.0    0.0  0.0  0.0  0.0  
2459243.0    0   0      0.0   2459243.562500      2459244.045139            0.000000            0.000000      0.0 0.0       0.0 0.0    5   5   0    2      0.0 0.0    0.0  0.0  0.0  0.0  
2459244.0    0   0      0.0   2459244.563194      2459245.044444            0.000000            0.000000      0.0 0.0       0.0 0.0    5   5   0    2      0.0 0.0    0.0  0.0  0.0  0.0  
2459245.0    0   0      0.0   2459245.615278      2459246.044444      2459245.573611      2459245.615278      0.0 0.0       0.0 0.0    5   5   0    0      0.0 0.0    0.0  0.0  0.0  0.0  
2459246.0    0   0      0.0   2459246.661111      2459247.043750      2459246.574306      2459246.661111      0.0 0.0       0.0 0.0    5   5   0    0      0.0 0.0    0.0  0.0  0.0  0.0  
2459247.0    0   0      0.0   2459247.706250      2459248.043750      2459247.575000      2459247.706250      0.0 0.0       0.0 0.0    5   5   0    0      0.0 0.0    0.0  0.0  0.0  0.0  
2459248.0    0   0      0.0   2459248.752083      2459249.043056      2459248.575694      2459248.752083      0.0 0.0       0.0 0.0    5   5   0    0      0.0 0.0    0.0  0.0  0.0  0.0  
2459249.0    0   0      0.0   2459249.798611      2459250.042361      2459249.576389      2459249.798611      0.0 0.0       0.0 0.0    5   5   0    0      0.0 0.0    0.0  0.0  0.0  0.0  
2459250.0    0   0      0.0   2459250.845139      2459251.042361      2459250.576389      2459250.845139      0.0 0.0       0.0 0.0    5   5   0    0      0.0 0.0    0.0  0.0  0.0  0.0  
2459251.0    0   0      0.0         0.000000            0.000000      2459251.577083      2459252.031250      0.0 0.0       0.0 0.0    5   5   0    0      0.0 0.0    0.0  0.0  0.0  0.0  
2459252.0    0   0      0.0         0.000000            0.000000      2459252.577778      2459253.031250      0.0 0.0       0.0 0.0    5   5   0    0      0.0 0.0    0.0  0.0  0.0  0.0  
2459253.0    0   0      0.0         0.000000            0.000000      2459253.578472      2459254.030556      0.0 0.0       0.0 0.0    5   5   0    0      0.0 0.0    0.0  0.0  0.0  0.0  
2459254.0    0   0      0.0         0.000000            0.000000      2459254.579167      2459255.029861      0.0 0.0       0.0 0.0    5   5   0    0      0.0 0.0    0.0  0.0  0.0  0.0  
2459255.0    0   0      0.0         0.000000            0.000000      2459255.579167      2459256.029167      0.0 0.0       0.0 0.0    5   5   0    0      0.0 0.0    0.0  0.0  0.0  0.0  
2459256.0    0   0      0.0         0.000000            0.000000      2459256.579861      2459257.029167      0.0 0.0       0.0 0.0    5   5   0    0      0.0 0.0    0.0  0.0  0.0  0.0  
2459257.0    0   0      0.0         0.000000            0.000000      2459257.580556      2459258.028472      0.0 0.0       0.0 0.0    5   5   0    0      0.0 0.0    0.0  0.0  0.0  0.0  
2459258.0    0   0      0.0         0.000000            0.000000      2459258.581250      2459259.027778      0.0 0.0       0.0 0.0    5   5   0    0      0.0 0.0    0.0  0.0  0.0  0.0  
2459259.0    0   0      0.0         0.000000            0.000000      2459259.581944      2459260.027083      0.0 0.0       0.0 0.0    5   5   0    0      0.0 0.0    0.0  0.0  0.0  0.0  
2459260.0    0   0      0.0         0.000000            0.000000      2459260.581944      2459261.026389      0.0 0.0       0.0 0.0    5   5   0    0      0.0 0.0    0.0  0.0  0.0  0.0  
2459261.0    0   0      0.0         0.000000            0.000000      2459261.582639      2459262.025694      0.0 0.0       0.0 0.0    5   5   0    0      0.0 0.0    0.0  0.0  0.0  0.0  
2459262.0    0   0      0.0         0.000000            0.000000      2459262.583333      2459263.025000      0.0 0.0       0.0 0.0    5   5   0    0      0.0 0.0    0.0  0.0  0.0  0.0  
2459263.0    0   0      0.0   2459263.574306      2459263.775000      2459263.775000      2459264.024306      0.0 0.0       0.0 0.0    5   5   0    0      0.0 0.0    0.0  0.0  0.0  0.0  
2459264.0    0   0      0.0   2459264.574306      2459264.813889      2459264.813889      2459265.023611      0.0 0.0       0.0 0.0    5   5   0    0      0.0 0.0    0.0  0.0  0.0  0.0  
2459265.0    0   0      0.0   2459265.575000      2459265.852778      2459265.852778      2459266.022917      0.0 0.0       0.0 0.0    5   5   0    0      0.0 0.0    0.0  0.0  0.0  0.0  
2459266.0    0   0      0.0   2459266.575694      2459266.892361      2459266.892361      2459267.022222      0.0 0.0       0.0 0.0    5   5   0    0      0.0 0.0    0.0  0.0  0.0  0.0  
2459267.0    0   0      0.0   2459267.576389      2459267.931250      2459267.931250      2459268.021528      0.0 0.0       0.0 0.0    5   5   0    0      0.0 0.0    0.0  0.0  0.0  0.0  
2459268.0    0   0      0.0   2459268.576389      2459268.968750      2459268.968750      2459269.020833      0.0 0.0       0.0 0.0    5   5   0    0      0.0 0.0    0.0  0.0  0.0  0.0  
2459269.0    0   0      0.0   2459269.577083      2459270.029861            0.000000            0.000000      0.0 0.0       0.0 0.0    5   5   0    0      0.0 0.0    0.0  0.0  0.0  0.0  
2459270.0    0   0      0.0   2459270.577778      2459271.029167            0.000000            0.000000      0.0 0.0       0.0 0.0    5   5   0    2      0.0 0.0    0.0  0.0  0.0  0.0  
2459271.0    0   0      0.0   2459271.578472      2459272.028472            0.000000            0.000000      0.0 0.0       0.0 0.0    5   5   0    2      0.0 0.0    0.0  0.0  0.0  0.0  
2459272.0    0   0      0.0   2459272.579167      2459273.027778            0.000000            0.000000      0.0 0.0       0.0 0.0    5   5   2    2      0.0 0.0    0.0  0.0  0.0  0.0  
2459273.0    0   0      0.0   2459273.579167      2459274.027083            0.000000            0.000000      0.0 0.0       0.0 0.0    5   5   0    3      0.0 0.0    0.0  0.0  0.0  0.0  
2459274.0    0   0      0.0   2459274.579861      2459275.026389            0.000000            0.000000      0.0 0.0       0.0 0.0    5   5   0    0      0.0 0.0    0.0  0.0  0.0  0.0  
2459275.0    0   0      0.0   2459275.661111      2459276.025694      2459275.590278      2459275.661111      0.0 0.0       0.0 0.0    5   5   0    0      0.0 0.0    0.0  0.0  0.0  0.0  
2459276.0    0   0      0.0   2459276.708333      2459277.024306      2459276.590972      2459276.708333      0.0 0.0       0.0 0.0    5   5   0    0      0.0 0.0    0.0  0.0  0.0  0.0  
2459277.0    0   0      0.0   2459277.756250      2459278.023611      2459277.591667      2459277.756250      0.0 0.0       0.0 0.0    5   5   0    0      0.0 0.0    0.0  0.0  0.0  0.0  
2459278.0    0   0      0.0   2459278.804167      2459279.022917      2459278.591667      2459278.804167      0.0 0.0       0.0 0.0    5   5   0    0      0.0 0.0    0.0  0.0  0.0  0.0  
2459279.0    0   0      0.0   2459279.850694      2459280.022222      2459279.592361      2459279.850694      0.0 0.0       0.0 0.0    5   5   0    0      0.0 0.0    0.0  0.0  0.0  0.0  
2459280.0    0   0      0.0   2459280.895139      2459281.021528      2459280.593056      2459280.895139      0.0 0.0       0.0 0.0    5   5   0    0      0.0 0.0    0.0  0.0  0.0  0.0  
2459281.0    0   0      0.0         0.000000            0.000000      2459281.593750      2459282.010417      0.0 0.0       0.0 0.0    5   5   0    0      0.0 0.0    0.0  0.0  0.0  0.0  
2459282.0    0   0      0.0         0.000000            0.000000      2459282.593750      2459283.009722      0.0 0.0       0.0 0.0    5   5   0    0      0.0 0.0    0.0  0.0  0.0  0.0  
2459283.0    0   0      0.0         0.000000            0.000000      2459283.594444      2459284.009028      0.0 0.0       0.0 0.0    5   5   0    0      0.0 0.0    0.0  0.0  0.0  0.0  
2459284.0    0   0      0.0         0.000000            0.000000      2459284.595139      2459285.007639      0.0 0.0       0.0 0.0    5   5   0    0      0.0 0.0    0.0  0.0  0.0  0.0  
2459285.0    0   0      0.0         0.000000            0.000000      2459285.595833      2459286.006944      0.0 0.0       0.0 0.0    5   5   0    0      0.0 0.0    0.0  0.0  0.0  0.0  
2459286.0    0   0      0.0         0.000000            0.000000      2459286.596528      2459287.006250      0.0 0.0       0.0 0.0    5   5   0    0      0.0 0.0    0.0  0.0  0.0  0.0  
2459287.0    0   0      0.0         0.000000            0.000000      2459287.596528      2459288.004861      0.0 0.0       0.0 0.0    5   5   0    0      0.0 0.0    0.0  0.0  0.0  0.0  
2459288.0    0   0      0.0         0.000000            0.000000      2459288.597222      2459289.004167      0.0 0.0       0.0 0.0    5   5   0    0      0.0 0.0    0.0  0.0  0.0  0.0  
2459289.0    0   0      0.0         0.000000            0.000000      2459289.597917      2459290.003472      0.0 0.0       0.0 0.0    5   5   0    0      0.0 0.0    0.0  0.0  0.0  0.0  
2459290.0    0   0      0.0         0.000000            0.000000      2459290.598611      2459291.002083      0.0 0.0       0.0 0.0    5   5   0    0      0.0 0.0    0.0  0.0  0.0  0.0  
2459291.0    0   0      0.0         0.000000            0.000000      2459291.598611      2459292.001389      0.0 0.0       0.0 0.0    5   5   0    0      0.0 0.0    0.0  0.0  0.0  0.0  
2459292.0    0   0      0.0         0.000000            0.000000      2459292.599306      2459293.000694      0.0 0.0       0.0 0.0    5   5   0    0      0.0 0.0    0.0  0.0  0.0  0.0  
2459293.0    0   0      0.0   2459293.576389      2459293.802083      2459293.802083      2459293.999306      0.0 0.0       0.0 0.0    5   5   0    0      0.0 0.0    0.0  0.0  0.0  0.0  
2459294.0    0   0      0.0   2459294.577083      2459294.840972      2459294.840972      2459294.998611      0.0 0.0       0.0 0.0    5   5   0    0      0.0 0.0    0.0  0.0  0.0  0.0  
2459295.0    0   0      0.0   2459295.577778      2459295.878472      2459295.878472      2459295.997222      0.0 0.0       0.0 0.0    5   5   0    0      0.0 0.0    0.0  0.0  0.0  0.0  
2459296.0    0   0      0.0   2459296.578472      2459296.913889      2459296.913889      2459296.996528      0.0 0.0       0.0 0.0    5   5   0    0      0.0 0.0    0.0  0.0  0.0  0.0  
2459297.0    0   0      0.0   2459297.578472      2459297.945833      2459297.945833      2459297.995833      0.0 0.0       0.0 0.0    5   5   0    0      0.0 0.0    0.0  0.0  0.0  0.0  
2459298.0    0   0      0.0   2459298.579167      2459299.018056            0.000000            0.000000      0.0 0.0       0.0 0.0    5   5   0    0      0.0 0.0    0.0  0.0  0.0  0.0  
2459299.0    0   0      0.0   2459299.579861      2459300.017361            0.000000            0.000000      0.0 0.0       0.0 0.0    5   5   0    4      0.0 0.0    0.0  0.0  0.0  0.0  
2459300.0    0   0      0.0   2459300.580556      2459301.015972            0.000000            0.000000      0.0 0.0       0.0 0.0    5   5   0    2      0.0 0.0    0.0  0.0  0.0  0.0  
2459301.0    0   0      0.0   2459301.580556      2459302.015278            0.000000            0.000000      0.0 0.0       0.0 0.0    5   5   2    3      0.0 0.0    0.0  0.0  0.0  0.0  
2459302.0    0   0      0.0   2459302.581250      2459303.014583            0.000000            0.000000      0.0 0.0       0.0 0.0    5   5   0    3      0.0 0.0    0.0  0.0  0.0  0.0  
2459303.0    0   0      0.0   2459303.581944      2459304.013194            0.000000            0.000000      0.0 0.0       0.0 0.0    5   5   0    2      0.0 0.0    0.0  0.0  0.0  0.0  
2459304.0    0   0      0.0   2459304.661806      2459305.012500      2459304.606250      2459304.661806      0.0 0.0       0.0 0.0    5   5   0    0      0.0 0.0    0.0  0.0  0.0  0.0  
2459305.0    0   0      0.0   2459305.711806      2459306.011806      2459305.606250      2459305.711806      0.0 0.0       0.0 0.0    5   5   0    0      0.0 0.0    0.0  0.0  0.0  0.0  
2459306.0    0   0      0.0   2459306.761111      2459307.010417      2459306.606944      2459306.761111      0.0 0.0       0.0 0.0    5   5   0    0      0.0 0.0    0.0  0.0  0.0  0.0  
2459307.0    0   0      0.0   2459307.807639      2459308.009722      2459307.607639      2459307.807639      0.0 0.0       0.0 0.0    5   5   0    0      0.0 0.0    0.0  0.0  0.0  0.0  
2459308.0    0   0      0.0   2459308.850000      2459309.009028      2459308.608333      2459308.850000      0.0 0.0       0.0 0.0    5   5   0    0      0.0 0.0    0.0  0.0  0.0  0.0  
2459309.0    0   0      0.0   2459309.886806      2459310.007639      2459309.609028      2459309.886806      0.0 0.0       0.0 0.0    5   5   0    0      0.0 0.0    0.0  0.0  0.0  0.0  
2459310.0    0   0      0.0         0.000000            0.000000      2459310.609722      2459310.982639      0.0 0.0       0.0 0.0    5   5   0    0      0.0 0.0    0.0  0.0  0.0  0.0  
2459311.0    0   0      0.0         0.000000            0.000000      2459311.609722      2459311.981944      0.0 0.0       0.0 0.0    5   5   0    0      0.0 0.0    0.0  0.0  0.0  0.0  
2459312.0    0   0      0.0         0.000000            0.000000      2459312.610417      2459312.981250      0.0 0.0       0.0 0.0    5   5   0    0      0.0 0.0    0.0  0.0  0.0  0.0  
2459313.0    0   0      0.0         0.000000            0.000000      2459313.611111      2459313.979861      0.0 0.0       0.0 0.0    5   5   0    0      0.0 0.0    0.0  0.0  0.0  0.0  
2459314.0    0   0      0.0         0.000000            0.000000      2459314.611806      2459314.979167      0.0 0.0       0.0 0.0    5   5   0    0      0.0 0.0    0.0  0.0  0.0  0.0  
2459315.0    0   0      0.0         0.000000            0.000000      2459315.612500      2459315.977778      0.0 0.0       0.0 0.0    5   5   0    0      0.0 0.0    0.0  0.0  0.0  0.0  
2459316.0    0   0      0.0         0.000000            0.000000      2459316.613194      2459316.977083      0.0 0.0       0.0 0.0    5   5   0    0      0.0 0.0    0.0  0.0  0.0  0.0  
2459317.0    0   0      0.0         0.000000            0.000000      2459317.613889      2459317.976389      0.0 0.0       0.0 0.0    5   5   0    0      0.0 0.0    0.0  0.0  0.0  0.0  
2459318.0    0   0      0.0         0.000000            0.000000      2459318.614583      2459318.975000      0.0 0.0       0.0 0.0    5   5   0    0      0.0 0.0    0.0  0.0  0.0  0.0  
2459319.0    0   0      0.0         0.000000            0.000000      2459319.614583      2459319.974306      0.0 0.0       0.0 0.0    5   5   0    0      0.0 0.0    0.0  0.0  0.0  0.0  
2459320.0    0   0      0.0         0.000000            0.000000      2459320.615278      2459320.973611      0.0 0.0       0.0 0.0    5   5   0    0      0.0 0.0    0.0  0.0  0.0  0.0  
2459321.0    0   0      0.0         0.000000            0.000000      2459321.615972      2459321.972222      0.0 0.0       0.0 0.0    5   5   0    0      0.0 0.0    0.0  0.0  0.0  0.0  
2459322.0    0   0      0.0         0.000000            0.000000      2459322.616667      2459322.971528      0.0 0.0       0.0 0.0    5   5   0    0      0.0 0.0    0.0  0.0  0.0  0.0  
2459323.0    0   0      0.0   2459323.592361      2459323.825694      2459323.825694      2459323.970833      0.0 0.0       0.0 0.0    5   5   0    0      0.0 0.0    0.0  0.0  0.0  0.0  
2459324.0    0   0      0.0   2459324.593056      2459324.858333      2459324.858333      2459324.969444      0.0 0.0       0.0 0.0    5   5   0    0      0.0 0.0    0.0  0.0  0.0  0.0  
2459325.0    0   0      0.0   2459325.593750      2459325.888194      2459325.888194      2459325.968750      0.0 0.0       0.0 0.0    5   5   0    0      0.0 0.0    0.0  0.0  0.0  0.0  
2459326.0    0   0      0.0   2459326.594444      2459326.915278      2459326.915278      2459326.968056      0.0 0.0       0.0 0.0    5   5   0    0      0.0 0.0    0.0  0.0  0.0  0.0  
2459327.0    0   0      0.0   2459327.595139      2459327.991667            0.000000            0.000000      0.0 0.0       0.0 0.0    5   5   0    0      0.0 0.0    0.0  0.0  0.0  0.0  
2459328.0    0   0      0.0   2459328.595139      2459328.990972            0.000000            0.000000      0.0 0.0       0.0 0.0    5   5   0    0      0.0 0.0    0.0  0.0  0.0  0.0  
2459329.0    0   0      0.0   2459329.595833      2459329.990278            0.000000            0.000000      0.0 0.0       0.0 0.0    5   5   0    3      0.0 0.0    0.0  0.0  0.0  0.0  
2459330.0    0   0      0.0   2459330.596528      2459330.989583            0.000000            0.000000      0.0 0.0       0.0 0.0    5   5   0    3      0.0 0.0    0.0  0.0  0.0  0.0  
2459331.0    0   0      0.0   2459331.597222      2459331.988889            0.000000            0.000000      0.0 0.0       0.0 0.0    5   5   2    2      0.0 0.0    0.0  0.0  0.0  0.0  
2459332.0    0   0      0.0   2459332.597917      2459332.988194            0.000000            0.000000      0.0 0.0       0.0 0.0    5   5   0    2      0.0 0.0    0.0  0.0  0.0  0.0  
2459333.0    0   0      0.0   2459333.597917      2459333.987500            0.000000            0.000000      0.0 0.0       0.0 0.0    5   5   0    4      0.0 0.0    0.0  0.0  0.0  0.0  
2459334.0    0   0      0.0   2459334.713194      2459334.986806      2459334.624306      2459334.713194      0.0 0.0       0.0 0.0    5   5   0    0      0.0 0.0    0.0  0.0  0.0  0.0  
2459335.0    0   0      0.0   2459335.759722      2459335.986111      2459335.625000      2459335.759722      0.0 0.0       0.0 0.0    5   5   0    0      0.0 0.0    0.0  0.0  0.0  0.0  
2459336.0    0   0      0.0   2459336.800000      2459336.984722      2459336.625694      2459336.800000      0.0 0.0       0.0 0.0    5   5   0    0      0.0 0.0    0.0  0.0  0.0  0.0  
2459337.0    0   0      0.0   2459337.834722      2459337.984028      2459337.626389      2459337.834722      0.0 0.0       0.0 0.0    5   5   0    0      0.0 0.0    0.0  0.0  0.0  0.0  
2459338.0    0   0      0.0   2459338.863194      2459338.983333      2459338.627083      2459338.863194      0.0 0.0       0.0 0.0    5   5   0    0      0.0 0.0    0.0  0.0  0.0  0.0  
2459339.0    0   0      0.0   2459339.888194      2459339.982639      2459339.627778      2459339.888194      0.0 0.0       0.0 0.0    5   5   0    0      0.0 0.0    0.0  0.0  0.0  0.0  
2459340.0    0   0      0.0         0.000000            0.000000      2459340.628472      2459340.956250      0.0 0.0       0.0 0.0    5   5   0    0      0.0 0.0    0.0  0.0  0.0  0.0  
2459341.0    0   0      0.0         0.000000            0.000000      2459341.629167      2459341.955556      0.0 0.0       0.0 0.0    5   5   0    0      0.0 0.0    0.0  0.0  0.0  0.0  
2459342.0    0   0      0.0         0.000000            0.000000      2459342.629861      2459342.954167      0.0 0.0       0.0 0.0    5   5   0    0      0.0 0.0    0.0  0.0  0.0  0.0  
2459343.0    0   0      0.0         0.000000            0.000000      2459343.630556      2459343.953472      0.0 0.0       0.0 0.0    5   5   0    0      0.0 0.0    0.0  0.0  0.0  0.0  
2459344.0    0   0      0.0         0.000000            0.000000      2459344.631250      2459344.952778      0.0 0.0       0.0 0.0    5   5   0    0      0.0 0.0    0.0  0.0  0.0  0.0  
2459345.0    0   0      0.0         0.000000            0.000000      2459345.631944      2459345.952083      0.0 0.0       0.0 0.0    5   5   0    0      0.0 0.0    0.0  0.0  0.0  0.0  
2459346.0    0   0      0.0         0.000000            0.000000      2459346.632639      2459346.951389      0.0 0.0       0.0 0.0    5   5   0    0      0.0 0.0    0.0  0.0  0.0  0.0  
2459347.0    0   0      0.0         0.000000            0.000000      2459347.633333      2459347.950694      0.0 0.0       0.0 0.0    5   5   0    0      0.0 0.0    0.0  0.0  0.0  0.0  
2459348.0    0   0      0.0         0.000000            0.000000      2459348.634028      2459348.950000      0.0 0.0       0.0 0.0    5   5   0    0      0.0 0.0    0.0  0.0  0.0  0.0  
2459349.0    0   0      0.0         0.000000            0.000000      2459349.634722      2459349.950000      0.0 0.0       0.0 0.0    5   5   0    0      0.0 0.0    0.0  0.0  0.0  0.0  
2459350.0    0   0      0.0         0.000000            0.000000      2459350.635417      2459350.949306      0.0 0.0       0.0 0.0    5   5   0    0      0.0 0.0    0.0  0.0  0.0  0.0  
2459351.0    0   0      0.0         0.000000            0.000000      2459351.636111      2459351.948611      0.0 0.0       0.0 0.0    5   5   0    0      0.0 0.0    0.0  0.0  0.0  0.0  
2459352.0    0   0      0.0         0.000000            0.000000      2459352.636806      2459352.947917      0.0 0.0       0.0 0.0    5   5   0    0      0.0 0.0    0.0  0.0  0.0  0.0  
2459353.0    0   0      0.0   2459353.609722      2459353.830556      2459353.830556      2459353.947222      0.0 0.0       0.0 0.0    5   5   0    0      0.0 0.0    0.0  0.0  0.0  0.0  
2459354.0    0   0      0.0   2459354.610417      2459354.855556      2459354.855556      2459354.946528      0.0 0.0       0.0 0.0    5   5   0    0      0.0 0.0    0.0  0.0  0.0  0.0  
2459355.0    0   0      0.0   2459355.610417      2459355.878472      2459355.878472      2459355.946528      0.0 0.0       0.0 0.0    5   5   0    0      0.0 0.0    0.0  0.0  0.0  0.0  
2459356.0    0   0      0.0   2459356.611111      2459356.900694      2459356.900694      2459356.945833      0.0 0.0       0.0 0.0    5   5   0    0      0.0 0.0    0.0  0.0  0.0  0.0  
2459357.0    0   0      0.0   2459357.611806      2459357.972917            0.000000            0.000000      0.0 0.0       0.0 0.0    5   5   0    0      0.0 0.0    0.0  0.0  0.0  0.0  
2459358.0    0   0      0.0   2459358.612500      2459358.972917            0.000000            0.000000      0.0 0.0       0.0 0.0    5   5   0    0      0.0 0.0    0.0  0.0  0.0  0.0  
2459359.0    0   0      0.0   2459359.613194      2459359.972222            0.000000            0.000000      0.0 0.0       0.0 0.0    5   5   0    2      0.0 0.0    0.0  0.0  0.0  0.0  
2459360.0    0   0      0.0   2459360.613194      2459360.972222            0.000000            0.000000      0.0 0.0       0.0 0.0    5   5   2    2      0.0 0.0    0.0  0.0  0.0  0.0  
2459361.0    0   0      0.0   2459361.613889      2459361.971528            0.000000            0.000000      0.0 0.0       0.0 0.0    5   5   0    2      0.0 0.0    0.0  0.0  0.0  0.0  
2459362.0    0   0      0.0   2459362.614583      2459362.971528            0.000000            0.000000      0.0 0.0       0.0 0.0    5   5   0    2      0.0 0.0    0.0  0.0  0.0  0.0  
2459363.0    0   0      0.0   2459363.707639      2459363.970833      2459363.643056      2459363.707639      0.0 0.0       0.0 0.0    5   5   0    0      0.0 0.0    0.0  0.0  0.0  0.0  
2459364.0    0   0      0.0   2459364.745833      2459364.970833      2459364.643750      2459364.745833      0.0 0.0       0.0 0.0    5   5   0    0      0.0 0.0    0.0  0.0  0.0  0.0  
2459365.0    0   0      0.0   2459365.777778      2459365.970833      2459365.644444      2459365.777778      0.0 0.0       0.0 0.0    5   5   0    0      0.0 0.0    0.0  0.0  0.0  0.0  
2459366.0    0   0      0.0   2459366.804861      2459366.970139      2459366.644444      2459366.804861      0.0 0.0       0.0 0.0    5   5   0    0      0.0 0.0    0.0  0.0  0.0  0.0  
2459367.0    0   0      0.0   2459367.827778      2459367.970139      2459367.645139      2459367.827778      0.0 0.0       0.0 0.0    5   5   0    0      0.0 0.0    0.0  0.0  0.0  0.0  
2459368.0    0   0      0.0   2459368.848611      2459368.970139      2459368.645833      2459368.848611      0.0 0.0       0.0 0.0    5   5   0    0      0.0 0.0    0.0  0.0  0.0  0.0  
2459369.0    0   0      0.0         0.000000            0.000000      2459369.646528      2459369.940972      0.0 0.0       0.0 0.0    5   5   0    0      0.0 0.0    0.0  0.0  0.0  0.0  
2459370.0    0   0      0.0         0.000000            0.000000      2459370.646528      2459370.940972      0.0 0.0       0.0 0.0    5   5   0    0      0.0 0.0    0.0  0.0  0.0  0.0  
2459371.0    0   0      0.0         0.000000            0.000000      2459371.647222      2459371.940278      0.0 0.0       0.0 0.0    5   5   0    0      0.0 0.0    0.0  0.0  0.0  0.0  
2459372.0    0   0      0.0         0.000000            0.000000      2459372.647222      2459372.940278      0.0 0.0       0.0 0.0    5   5   0    0      0.0 0.0    0.0  0.0  0.0  0.0  
2459373.0    0   0      0.0         0.000000            0.000000      2459373.647917      2459373.940278      0.0 0.0       0.0 0.0    5   5   0    0      0.0 0.0    0.0  0.0  0.0  0.0  
2459374.0    0   0      0.0         0.000000            0.000000      2459374.648611      2459374.940278      0.0 0.0       0.0 0.0    5   5   0    0      0.0 0.0    0.0  0.0  0.0  0.0  
2459375.0    0   0      0.0         0.000000            0.000000      2459375.648611      2459375.940278      0.0 0.0       0.0 0.0    5   5   0    0      0.0 0.0    0.0  0.0  0.0  0.0  
2459376.0    0   0      0.0         0.000000            0.000000      2459376.649306      2459376.940278      0.0 0.0       0.0 0.0    5   5   0    0      0.0 0.0    0.0  0.0  0.0  0.0  
2459377.0    0   0      0.0         0.000000            0.000000      2459377.649306      2459377.940278      0.0 0.0       0.0 0.0    5   5   0    0      0.0 0.0    0.0  0.0  0.0  0.0  
2459378.0    0   0      0.0         0.000000            0.000000      2459378.650000      2459378.939583      0.0 0.0       0.0 0.0    5   5   0    0      0.0 0.0    0.0  0.0  0.0  0.0  
2459379.0    0   0      0.0         0.000000            0.000000      2459379.650000      2459379.939583      0.0 0.0       0.0 0.0    5   5   0    0      0.0 0.0    0.0  0.0  0.0  0.0  
2459380.0    0   0      0.0         0.000000            0.000000      2459380.650694      2459380.939583      0.0 0.0       0.0 0.0    5   5   0    0      0.0 0.0    0.0  0.0  0.0  0.0  
2459381.0    0   0      0.0         0.000000            0.000000      2459381.650694      2459381.940278      0.0 0.0       0.0 0.0    5   5   0    0      0.0 0.0    0.0  0.0  0.0  0.0  
2459382.0    0   0      0.0   2459382.621528      2459382.795833      2459382.795833      2459382.940278      0.0 0.0       0.0 0.0    5   5   0    0      0.0 0.0    0.0  0.0  0.0  0.0  
2459383.0    0   0      0.0   2459383.622222      2459383.817361      2459383.817361      2459383.940278      0.0 0.0       0.0 0.0    5   5   0    0      0.0 0.0    0.0  0.0  0.0  0.0  
2459384.0    0   0      0.0   2459384.622222      2459384.839583      2459384.839583      2459384.940278      0.0 0.0       0.0 0.0    5   5   0    0      0.0 0.0    0.0  0.0  0.0  0.0  
2459385.0    0   0      0.0   2459385.622222      2459385.862500      2459385.862500      2459385.940278      0.0 0.0       0.0 0.0    5   5   0    0      0.0 0.0    0.0  0.0  0.0  0.0  
2459386.0    0   0      0.0   2459386.622222      2459386.886806      2459386.886806      2459386.940278      0.0 0.0       0.0 0.0    5   5   0    0      0.0 0.0    0.0  0.0  0.0  0.0  
2459387.0    0   0      0.0   2459387.622222      2459387.970139            0.000000            0.000000      0.0 0.0       0.0 0.0    5   5   0    0      0.0 0.0    0.0  0.0  0.0  0.0  
2459388.0    0   0      0.0   2459388.622917      2459388.970139            0.000000            0.000000      0.0 0.0       0.0 0.0    5   5   0    2      0.0 0.0    0.0  0.0  0.0  0.0  
2459389.0    0   0      0.0   2459389.622917      2459389.970139            0.000000            0.000000      0.0 0.0       0.0 0.0    5   5   2    2      0.0 0.0    0.0  0.0  0.0  0.0  
2459390.0    0   0      0.0   2459390.622917      2459390.970833            0.000000            0.000000      0.0 0.0       0.0 0.0    5   5   0    2      0.0 0.0    0.0  0.0  0.0  0.0  
2459391.0    0   0      0.0   2459391.622917      2459391.970833            0.000000            0.000000      0.0 0.0       0.0 0.0    5   5   0    2      0.0 0.0    0.0  0.0  0.0  0.0  
2459392.0    0   0      0.0   2459392.622917      2459392.970833            0.000000            0.000000      0.0 0.0       0.0 0.0    5   5   0    0      0.0 0.0    0.0  0.0  0.0  0.0  
2459393.0    0   0      0.0   2459393.718056      2459393.971528      2459393.652083      2459393.718056      0.0 0.0       0.0 0.0    5   5   0    0      0.0 0.0    0.0  0.0  0.0  0.0  
2459394.0    0   0      0.0   2459394.743750      2459394.971528      2459394.652083      2459394.743750      0.0 0.0       0.0 0.0    5   5   0    0      0.0 0.0    0.0  0.0  0.0  0.0  
2459395.0    0   0      0.0   2459395.765278      2459395.971528      2459395.652083      2459395.765278      0.0 0.0       0.0 0.0    5   5   0    0      0.0 0.0    0.0  0.0  0.0  0.0  
2459396.0    0   0      0.0   2459396.785417      2459396.972222      2459396.652083      2459396.785417      0.0 0.0       0.0 0.0    5   5   0    0      0.0 0.0    0.0  0.0  0.0  0.0  
2459397.0    0   0      0.0   2459397.804167      2459397.972222      2459397.652083      2459397.804167      0.0 0.0       0.0 0.0    5   5   0    0      0.0 0.0    0.0  0.0  0.0  0.0  
2459398.0    0   0      0.0   2459398.822917      2459398.972917      2459398.651389      2459398.822917      0.0 0.0       0.0 0.0    5   5   0    0      0.0 0.0    0.0  0.0  0.0  0.0  
2459399.0    0   0      0.0         0.000000            0.000000      2459399.651389      2459399.944444      0.0 0.0       0.0 0.0    5   5   0    0      0.0 0.0    0.0  0.0  0.0  0.0  
2459400.0    0   0      0.0         0.000000            0.000000      2459400.651389      2459400.944444      0.0 0.0       0.0 0.0    5   5   0    0      0.0 0.0    0.0  0.0  0.0  0.0  
2459401.0    0   0      0.0         0.000000            0.000000      2459401.651389      2459401.945139      0.0 0.0       0.0 0.0    5   5   0    0      0.0 0.0    0.0  0.0  0.0  0.0  
2459402.0    0   0      0.0         0.000000            0.000000      2459402.650694      2459402.945833      0.0 0.0       0.0 0.0    5   5   0    0      0.0 0.0    0.0  0.0  0.0  0.0  
2459403.0    0   0      0.0         0.000000            0.000000      2459403.650694      2459403.945833      0.0 0.0       0.0 0.0    5   5   0    0      0.0 0.0    0.0  0.0  0.0  0.0  
2459404.0    0   0      0.0         0.000000            0.000000      2459404.650694      2459404.946528      0.0 0.0       0.0 0.0    5   5   0    0      0.0 0.0    0.0  0.0  0.0  0.0  
2459405.0    0   0      0.0         0.000000            0.000000      2459405.650000      2459405.947222      0.0 0.0       0.0 0.0    5   5   0    0      0.0 0.0    0.0  0.0  0.0  0.0  
2459406.0    0   0      0.0         0.000000            0.000000      2459406.650000      2459406.947222      0.0 0.0       0.0 0.0    5   5   0    0      0.0 0.0    0.0  0.0  0.0  0.0  
2459407.0    0   0      0.0         0.000000            0.000000      2459407.649306      2459407.947917      0.0 0.0       0.0 0.0    5   5   0    0      0.0 0.0    0.0  0.0  0.0  0.0  
2459408.0    0   0      0.0         0.000000            0.000000            0.000000            0.000000      0.0 0.0       0.0 0.0    5   5   9    9      0.0 0.0    0.0  0.0  0.0  0.0  
2459409.0    0   0      0.0         0.000000            0.000000            0.000000            0.000000      0.0 0.0       0.0 0.0    5   5   9    9      0.0 0.0    0.0  0.0  0.0  0.0  
2459410.0    0   0      0.0         0.000000            0.000000            0.000000            0.000000      0.0 0.0       0.0 0.0    5   5   9    9      0.0 0.0    0.0  0.0  0.0  0.0  
2459411.0    0   0      0.0         0.000000            0.000000            0.000000            0.000000      0.0 0.0       0.0 0.0    5   5   9    9      0.0 0.0    0.0  0.0  0.0  0.0  
2459412.0    0   0      0.0         0.000000            0.000000            0.000000            0.000000      0.0 0.0       0.0 0.0    5   5   9    9      0.0 0.0    0.0  0.0  0.0  0.0  
2459413.0    0   0      0.0         0.000000            0.000000            0.000000            0.000000      0.0 0.0       0.0 0.0    5   5   9    9      0.0 0.0    0.0  0.0  0.0  0.0  
2459414.0    0   0      0.0         0.000000            0.000000            0.000000            0.000000      0.0 0.0       0.0 0.0    5   5   9    9      0.0 0.0    0.0  0.0  0.0  0.0  
2459415.0    0   0      0.0         0.000000            0.000000            0.000000            0.000000      0.0 0.0       0.0 0.0    5   5   9    9      0.0 0.0    0.0  0.0  0.0  0.0  
2459416.0    0   0      0.0         0.000000            0.000000            0.000000            0.000000      0.0 0.0       0.0 0.0    5   5   9    9      0.0 0.0    0.0  0.0  0.0  0.0  
2459417.0    0   0      0.0         0.000000            0.000000            0.000000            0.000000      0.0 0.0       0.0 0.0    5   5   9    9      0.0 0.0    0.0  0.0  0.0  0.0  
2459418.0    0   0      0.0         0.000000            0.000000            0.000000            0.000000      0.0 0.0       0.0 0.0    5   5   9    9      0.0 0.0    0.0  0.0  0.0  0.0  
2459419.0    0   0      0.0         0.000000            0.000000            0.000000            0.000000      0.0 0.0       0.0 0.0    5   5   9    9      0.0 0.0    0.0  0.0  0.0  0.0  
2459420.0    0   0      0.0         0.000000            0.000000            0.000000            0.000000      0.0 0.0       0.0 0.0    5   5   9    9      0.0 0.0    0.0  0.0  0.0  0.0  
2459421.0    0   0      0.0         0.000000            0.000000            0.000000            0.000000      0.0 0.0       0.0 0.0    5   5   9    9      0.0 0.0    0.0  0.0  0.0  0.0  
2459422.0    0   0      0.0         0.000000            0.000000            0.000000            0.000000      0.0 0.0       0.0 0.0    5   5   9    9      0.0 0.0    0.0  0.0  0.0  0.0  
2459423.0    0   0      0.0         0.000000            0.000000            0.000000            0.000000      0.0 0.0       0.0 0.0    5   5   9    9      0.0 0.0    0.0  0.0  0.0  0.0  
2459424.0    0   0      0.0         0.000000            0.000000            0.000000            0.000000      0.0 0.0       0.0 0.0    5   5   9    9      0.0 0.0    0.0  0.0  0.0  0.0  
2459425.0    0   0      0.0         0.000000            0.000000            0.000000            0.000000      0.0 0.0       0.0 0.0    5   5   9    9      0.0 0.0    0.0  0.0  0.0  0.0  
2459426.0    0   0      0.0         0.000000            0.000000            0.000000            0.000000      0.0 0.0       0.0 0.0    5   5   9    9      0.0 0.0    0.0  0.0  0.0  0.0  
2459427.0    0   0      0.0         0.000000            0.000000            0.000000            0.000000      0.0 0.0       0.0 0.0    5   5   9    9      0.0 0.0    0.0  0.0  0.0  0.0  
2459428.0    0   0      0.0         0.000000            0.000000            0.000000            0.000000      0.0 0.0       0.0 0.0    5   5   9    9      0.0 0.0    0.0  0.0  0.0  0.0  
2459429.0    0   0      0.0         0.000000            0.000000            0.000000            0.000000      0.0 0.0       0.0 0.0    5   5   9    9      0.0 0.0    0.0  0.0  0.0  0.0  
2459430.0    0   0      0.0         0.000000            0.000000            0.000000            0.000000      0.0 0.0       0.0 0.0    5   5   9    9      0.0 0.0    0.0  0.0  0.0  0.0  
2459431.0    0   0      0.0         0.000000            0.000000            0.000000            0.000000      0.0 0.0       0.0 0.0    5   5   9    9      0.0 0.0    0.0  0.0  0.0  0.0  
2459432.0    0   0      0.0         0.000000            0.000000            0.000000            0.000000      0.0 0.0       0.0 0.0    5   5   9    9      0.0 0.0    0.0  0.0  0.0  0.0  
2459433.0    0   0      0.0         0.000000            0.000000            0.000000            0.000000      0.0 0.0       0.0 0.0    5   5   9    9      0.0 0.0    0.0  0.0  0.0  0.0  
2459434.0    0   0      0.0         0.000000            0.000000            0.000000            0.000000      0.0 0.0       0.0 0.0    5   5   9    9      0.0 0.0    0.0  0.0  0.0  0.0  
2459435.0    0   0      0.0         0.000000            0.000000            0.000000            0.000000      0.0 0.0       0.0 0.0    5   5   9    9      0.0 0.0    0.0  0.0  0.0  0.0  
2459436.0    0   0      0.0         0.000000            0.000000            0.000000            0.000000      0.0 0.0       0.0 0.0    5   5   9    9      0.0 0.0    0.0  0.0  0.0  0.0  
2459437.0    0   0      0.0         0.000000            0.000000            0.000000            0.000000      0.0 0.0       0.0 0.0    5   5   9    9      0.0 0.0    0.0  0.0  0.0  0.0  
2459438.0    0   0      0.0         0.000000            0.000000            0.000000            0.000000      0.0 0.0       0.0 0.0    5   5   9    9      0.0 0.0    0.0  0.0  0.0  0.0  
2459439.0    0   0      0.0         0.000000            0.000000            0.000000            0.000000      0.0 0.0       0.0 0.0    5   5   9    9      0.0 0.0    0.0  0.0  0.0  0.0  
2459440.0    0   0      0.0         0.000000            0.000000            0.000000            0.000000      0.0 0.0       0.0 0.0    5   5   9    9      0.0 0.0    0.0  0.0  0.0  0.0  
2459441.0    0   0      0.0         0.000000            0.000000            0.000000            0.000000      0.0 0.0       0.0 0.0    5   5   9    9      0.0 0.0    0.0  0.0  0.0  0.0  
2459442.0    0   0      0.0         0.000000            0.000000            0.000000            0.000000      0.0 0.0       0.0 0.0    5   5   9    9      0.0 0.0    0.0  0.0  0.0  0.0  
2459443.0    0   0      0.0         0.000000            0.000000            0.000000            0.000000      0.0 0.0       0.0 0.0    5   5   9    9      0.0 0.0    0.0  0.0  0.0  0.0  
2459444.0    0   0      0.0         0.000000            0.000000            0.000000            0.000000      0.0 0.0       0.0 0.0    5   5   9    9      0.0 0.0    0.0  0.0  0.0  0.0  
2459445.0    0   0      0.0         0.000000            0.000000            0.000000            0.000000      0.0 0.0       0.0 0.0    5   5   9    9      0.0 0.0    0.0  0.0  0.0  0.0  
2459446.0    0   0      0.0         0.000000            0.000000            0.000000            0.000000      0.0 0.0       0.0 0.0    5   5   9    9      0.0 0.0    0.0  0.0  0.0  0.0  
2459447.0    0   0      0.0   2459447.596528      2459447.997222            0.000000            0.000000      0.0 0.0       0.0 0.0    5   5   1    1      0.0 0.0    0.0  0.0  0.0  0.0  
2459448.0    0   0      0.0   2459448.595833      2459448.997917            0.000000            0.000000      0.0 0.0       0.0 0.0    5   5   1    1      0.0 0.0    0.0  0.0  0.0  0.0  
2459449.0    0   0      0.0   2459449.595139      2459449.998611            0.000000            0.000000      0.0 0.0       0.0 0.0    5   5   1    1      0.0 0.0    0.0  0.0  0.0  0.0  
2459450.0    0   0      0.0   2459450.594444      2459450.998611            0.000000            0.000000      0.0 0.0       0.0 0.0    5   5   1    1      0.0 0.0    0.0  0.0  0.0  0.0  
2459451.0    0   0      0.0   2459451.593056      2459451.999306            0.000000            0.000000      0.0 0.0       0.0 0.0    5   5   1    1      0.0 0.0    0.0  0.0  0.0  0.0  
2459452.0    0   0      0.0   2459452.592361      2459453.000000            0.000000            0.000000      0.0 0.0       0.0 0.0    5   5   1    1      0.0 0.0    0.0  0.0  0.0  0.0  
2459453.0    0   0      0.0   2459453.675694      2459454.000694      2459453.615972      2459453.675694      0.0 0.0       0.0 0.0    5   5   1    1      0.0 0.0    0.0  0.0  0.0  0.0  
2459454.0    0   0      0.0   2459454.695833      2459455.000694      2459454.615278      2459454.695833      0.0 0.0       0.0 0.0    5   5   1    1      0.0 0.0    0.0  0.0  0.0  0.0  
2459455.0    0   0      0.0   2459455.717361      2459456.001389      2459455.613889      2459455.717361      0.0 0.0       0.0 0.0    5   5   0    0      0.0 0.0    0.0  0.0  0.0  0.0  
2459456.0    0   0      0.0   2459456.741667      2459457.002083      2459456.613194      2459456.741667      0.0 0.0       0.0 0.0    5   5   0    0      0.0 0.0    0.0  0.0  0.0  0.0  
2459457.0    0   0      0.0   2459457.768750      2459458.002083      2459457.611806      2459457.768750      0.0 0.0       0.0 0.0    5   5   0    0      0.0 0.0    0.0  0.0  0.0  0.0  
2459458.0    0   0      0.0         0.000000            0.000000      2459458.611111      2459458.978472      0.0 0.0       0.0 0.0    5   5   0    0      0.0 0.0    0.0  0.0  0.0  0.0  
2459459.0    0   0      0.0         0.000000            0.000000      2459459.609722      2459459.979167      0.0 0.0       0.0 0.0    5   5   0    0      0.0 0.0    0.0  0.0  0.0  0.0  
2459460.0    0   0      0.0         0.000000            0.000000      2459460.609028      2459460.979861      0.0 0.0       0.0 0.0    5   5   0    0      0.0 0.0    0.0  0.0  0.0  0.0  
2459461.0    0   0      0.0         0.000000            0.000000      2459461.608333      2459461.980556      0.0 0.0       0.0 0.0    5   5   0    0      0.0 0.0    0.0  0.0  0.0  0.0  
2459462.0    0   0      0.0         0.000000            0.000000      2459462.606944      2459462.980556      0.0 0.0       0.0 0.0    5   5   0    0      0.0 0.0    0.0  0.0  0.0  0.0  
2459463.0    0   0      0.0         0.000000            0.000000      2459463.606250      2459463.981250      0.0 0.0       0.0 0.0    5   5   0    0      0.0 0.0    0.0  0.0  0.0  0.0  
2459464.0    0   0      0.0         0.000000            0.000000      2459464.604861      2459464.981944      0.0 0.0       0.0 0.0    5   5   0    0      0.0 0.0    0.0  0.0  0.0  0.0  
2459465.0    0   0      0.0         0.000000            0.000000      2459465.604167      2459465.982639      0.0 0.0       0.0 0.0    5   5   0    0      0.0 0.0    0.0  0.0  0.0  0.0  
2459466.0    0   0      0.0         0.000000            0.000000      2459466.602778      2459466.982639      0.0 0.0       0.0 0.0    5   5   0    0      0.0 0.0    0.0  0.0  0.0  0.0  
2459467.0    0   0      0.0         0.000000            0.000000      2459467.602083      2459467.983333      0.0 0.0       0.0 0.0    5   5   0    0      0.0 0.0    0.0  0.0  0.0  0.0  
2459468.0    0   0      0.0         0.000000            0.000000      2459468.600694      2459468.984028      0.0 0.0       0.0 0.0    5   5   0    0      0.0 0.0    0.0  0.0  0.0  0.0  
2459469.0    0   0      0.0         0.000000            0.000000      2459469.600000      2459469.984722      0.0 0.0       0.0 0.0    5   5   0    0      0.0 0.0    0.0  0.0  0.0  0.0  
2459470.0    0   0      0.0   2459470.575694      2459470.720139      2459470.720139      2459470.984722      0.0 0.0       0.0 0.0    5   5   0    0      0.0 0.0    0.0  0.0  0.0  0.0  
2459471.0    0   0      0.0   2459471.574306      2459471.756250      2459471.756250      2459471.985417      0.0 0.0       0.0 0.0    5   5   0    0      0.0 0.0    0.0  0.0  0.0  0.0  
2459472.0    0   0      0.0   2459472.573611      2459472.796528      2459472.796528      2459472.986111      0.0 0.0       0.0 0.0    5   5   0    0      0.0 0.0    0.0  0.0  0.0  0.0  
2459473.0    0   0      0.0   2459473.572222      2459473.840972      2459473.840972      2459473.986806      0.0 0.0       0.0 0.0    5   5   0    0      0.0 0.0    0.0  0.0  0.0  0.0  
2459474.0    0   0      0.0   2459474.571528      2459474.886806      2459474.886806      2459474.986806      0.0 0.0       0.0 0.0    5   5   0    0      0.0 0.0    0.0  0.0  0.0  0.0  
2459475.0    0   0      0.0   2459475.570833      2459475.931944      2459475.931944      2459475.987500      0.0 0.0       0.0 0.0    5   5   0    0      0.0 0.0    0.0  0.0  0.0  0.0  
2459476.0    0   0      0.0   2459476.569444      2459477.011111            0.000000            0.000000      0.0 0.0       0.0 0.0    5   5   0    3      0.0 0.0    0.0  0.0  0.0  0.0  
2459477.0    0   0      0.0   2459477.568750      2459478.011806            0.000000            0.000000      0.0 0.0       0.0 0.0    5   5   2    3      0.0 0.0    0.0  0.0  0.0  0.0  
2459478.0    0   0      0.0   2459478.568056      2459479.012500            0.000000            0.000000      0.0 0.0       0.0 0.0    5   5   0    2      0.0 0.0    0.0  0.0  0.0  0.0  
2459479.0    0   0      0.0   2459479.566667      2459480.012500            0.000000            0.000000      0.0 0.0       0.0 0.0    5   5   0    2      0.0 0.0    0.0  0.0  0.0  0.0  
2459480.0    0   0      0.0   2459480.565972      2459481.013194            0.000000            0.000000      0.0 0.0       0.0 0.0    5   5   0    4      0.0 0.0    0.0  0.0  0.0  0.0  
2459481.0    0   0      0.0   2459481.564583      2459482.013889            0.000000            0.000000      0.0 0.0       0.0 0.0    5   5   0    4      0.0 0.0    0.0  0.0  0.0  0.0  
2459482.0    0   0      0.0   2459482.632639      2459483.013889      2459482.586806      2459482.632639      0.0 0.0       0.0 0.0    5   5   0    0      0.0 0.0    0.0  0.0  0.0  0.0  
2459483.0    0   0      0.0   2459483.656250      2459484.014583      2459483.586111      2459483.656250      0.0 0.0       0.0 0.0    5   5   0    0      0.0 0.0    0.0  0.0  0.0  0.0  
2459484.0    0   0      0.0   2459484.681944      2459485.015278      2459484.585417      2459484.681944      0.0 0.0       0.0 0.0    5   5   0    0      0.0 0.0    0.0  0.0  0.0  0.0  
2459485.0    0   0      0.0   2459485.711111      2459486.015278      2459485.584028      2459485.711111      0.0 0.0       0.0 0.0    5   5   0    0      0.0 0.0    0.0  0.0  0.0  0.0  
2459486.0    0   0      0.0   2459486.744444      2459487.015972      2459486.583333      2459486.744444      0.0 0.0       0.0 0.0    5   5   0    0      0.0 0.0    0.0  0.0  0.0  0.0  
2459487.0    0   0      0.0   2459487.781944      2459488.016667      2459487.582639      2459487.781944      0.0 0.0       0.0 0.0    5   5   0    0      0.0 0.0    0.0  0.0  0.0  0.0  
2459488.0    0   0      0.0         0.000000            0.000000      2459488.581250      2459488.993750      0.0 0.0       0.0 0.0    5   5   0    0      0.0 0.0    0.0  0.0  0.0  0.0  
2459489.0    0   0      0.0         0.000000            0.000000      2459489.580556      2459489.994444      0.0 0.0       0.0 0.0    5   5   0    0      0.0 0.0    0.0  0.0  0.0  0.0  
2459490.0    0   0      0.0         0.000000            0.000000      2459490.579861      2459490.995139      0.0 0.0       0.0 0.0    5   5   0    0      0.0 0.0    0.0  0.0  0.0  0.0  
2459491.0    0   0      0.0         0.000000            0.000000      2459491.578472      2459491.995139      0.0 0.0       0.0 0.0    5   5   0    0      0.0 0.0    0.0  0.0  0.0  0.0  
2459492.0    0   0      0.0         0.000000            0.000000      2459492.577778      2459492.995833      0.0 0.0       0.0 0.0    5   5   0    0      0.0 0.0    0.0  0.0  0.0  0.0  
2459493.0    0   0      0.0         0.000000            0.000000      2459493.577083      2459493.996528      0.0 0.0       0.0 0.0    5   5   0    0      0.0 0.0    0.0  0.0  0.0  0.0  
2459494.0    0   0      0.0         0.000000            0.000000      2459494.575694      2459494.996528      0.0 0.0       0.0 0.0    5   5   0    0      0.0 0.0    0.0  0.0  0.0  0.0  
2459495.0    0   0      0.0         0.000000            0.000000      2459495.575000      2459495.997222      0.0 0.0       0.0 0.0    5   5   0    0      0.0 0.0    0.0  0.0  0.0  0.0  
2459496.0    0   0      0.0         0.000000            0.000000      2459496.574306      2459496.997917      0.0 0.0       0.0 0.0    5   5   0    0      0.0 0.0    0.0  0.0  0.0  0.0  
2459497.0    0   0      0.0         0.000000            0.000000      2459497.573611      2459497.997917      0.0 0.0       0.0 0.0    5   5   0    0      0.0 0.0    0.0  0.0  0.0  0.0  
2459498.0    0   0      0.0         0.000000            0.000000      2459498.572917      2459498.998611      0.0 0.0       0.0 0.0    5   5   0    0      0.0 0.0    0.0  0.0  0.0  0.0  
2459499.0    0   0      0.0   2459499.561806      2459499.709028      2459499.709028      2459499.999306      0.0 0.0       0.0 0.0    5   5   0    0      0.0 0.0    0.0  0.0  0.0  0.0  
2459500.0    0   0      0.0   2459500.561111      2459500.752778      2459500.752778      2459500.999306      0.0 0.0       0.0 0.0    5   5   0    0      0.0 0.0    0.0  0.0  0.0  0.0  
2459501.0    0   0      0.0   2459501.560417      2459501.797917      2459501.797917      2459502.000000      0.0 0.0       0.0 0.0    5   5   0    0      0.0 0.0    0.0  0.0  0.0  0.0  
2459502.0    0   0      0.0   2459502.559722      2459502.843056      2459502.843056      2459503.000694      0.0 0.0       0.0 0.0    5   5   0    0      0.0 0.0    0.0  0.0  0.0  0.0  
2459503.0    0   0      0.0   2459503.558333      2459503.887500      2459503.887500      2459504.001389      0.0 0.0       0.0 0.0    5   5   0    0      0.0 0.0    0.0  0.0  0.0  0.0  
2459504.0    0   0      0.0   2459504.557639      2459504.929861      2459504.929861      2459505.001389      0.0 0.0       0.0 0.0    5   5   0    0      0.0 0.0    0.0  0.0  0.0  0.0  
2459505.0    0   0      0.0   2459505.556944      2459506.011806            0.000000            0.000000      0.0 0.0       0.0 0.0    5   5   0    3      0.0 0.0    0.0  0.0  0.0  0.0  
2459506.0    0   0      0.0   2459506.556250      2459507.012500            0.000000            0.000000      0.0 0.0       0.0 0.0    5   5   0    2      0.0 0.0    0.0  0.0  0.0  0.0  
2459507.0    0   0      0.0   2459507.555556      2459508.013194            0.000000            0.000000      0.0 0.0       0.0 0.0    5   5   2    2      0.0 0.0    0.0  0.0  0.0  0.0  
2459508.0    0   0      0.0   2459508.554861      2459509.013194            0.000000            0.000000      0.0 0.0       0.0 0.0    5   5   0    2      0.0 0.0    0.0  0.0  0.0  0.0  
2459509.0    0   0      0.0   2459509.554167      2459510.013889            0.000000            0.000000      0.0 0.0       0.0 0.0    5   5   0    4      0.0 0.0    0.0  0.0  0.0  0.0  
2459510.0    0   0      0.0   2459510.553472      2459511.014583            0.000000            0.000000      0.0 0.0       0.0 0.0    5   5   0    0      0.0 0.0    0.0  0.0  0.0  0.0  
2459511.0    0   0      0.0   2459511.552778      2459512.015278            0.000000            0.000000      0.0 0.0       0.0 0.0    5   5   0    0      0.0 0.0    0.0  0.0  0.0  0.0  
2459512.0    0   0      0.0   2459512.624306      2459513.015278      2459512.561806      2459512.624306      0.0 0.0       0.0 0.0    5   5   0    0      0.0 0.0    0.0  0.0  0.0  0.0  
2459513.0    0   0      0.0   2459513.656250      2459514.015972      2459513.561111      2459513.656250      0.0 0.0       0.0 0.0    5   5   0    0      0.0 0.0    0.0  0.0  0.0  0.0  
2459514.0    0   0      0.0   2459514.691667      2459515.016667      2459514.560417      2459514.691667      0.0 0.0       0.0 0.0    5   5   0    0      0.0 0.0    0.0  0.0  0.0  0.0  
2459515.0    0   0      0.0   2459515.729861      2459516.017361      2459515.560417      2459515.729861      0.0 0.0       0.0 0.0    5   5   0    0      0.0 0.0    0.0  0.0  0.0  0.0  
2459516.0    0   0      0.0   2459516.770833      2459517.017361      2459516.559722      2459516.770833      0.0 0.0       0.0 0.0    5   5   0    0      0.0 0.0    0.0  0.0  0.0  0.0  
2459517.0    0   0      0.0   2459517.813889      2459518.018056      2459517.559028      2459517.813889      0.0 0.0       0.0 0.0    5   5   0    0      0.0 0.0    0.0  0.0  0.0  0.0  
2459518.0    0   0      0.0         0.000000            0.000000      2459518.558333      2459519.008333      0.0 0.0       0.0 0.0    5   5   0    0      0.0 0.0    0.0  0.0  0.0  0.0  
2459519.0    0   0      0.0         0.000000            0.000000      2459519.557639      2459520.009028      0.0 0.0       0.0 0.0    5   5   0    0      0.0 0.0    0.0  0.0  0.0  0.0  
