    121.71700       0.00000    0.0  4  57960
    180.00000      31.71750  -40.0  4  57960
    135.00000      35.26440  -40.0  4  57960
    113.11300      33.95270  -40.0  4  57960
    113.64400      36.26340  -40.0  4  57960
    114.19500      38.58410  -30.0  4  57960
    115.39900      32.62760  -40.0  4  57960
    116.00600      34.93600  -40.0  4  57960
    116.60300      37.25500  -30.0  4  57960
    117.23500      39.59240  -30.0  4  57960
    118.27100      33.54940  -40.0  4  57960
    118.93700      35.86590  -40.0  4  57960
    119.60600      38.19500  -35.0  4  57960
    121.17600      34.41100  -40.0  4  57960
    121.90300      36.73520  -40.0  4  57960
    122.65000      39.07320  -35.0  4  57960
    124.10800      35.20710  -40.0  4  57960
    124.90000      37.53760  -40.0  4  57960
    125.73600      39.87840  -35.0  4  57960
    127.06200      35.93460  -40.0  4  57960
    127.93500      38.26010  -40.0  4  57960
    128.88200      40.58130  -45.0  4  57960
    137.18600      39.85980  -45.0  4  57960
    130.04400      36.57730  -40.0  4  57960
    131.01900      38.87810  -45.0  4  57960
    132.05100      41.19770  -45.0  4  57960
    134.11400      39.40570  -45.0  4  57960
    136.07800      37.54520  -45.0  4  57960
    133.06200      37.10730  -40.0  4  57960
    180.29300      27.93440  -40.0  4  57960
    181.46800      30.19350  -40.0  4  57960
    180.56300      24.12820  -20.0  4  57960
    181.85200      26.17290  -25.0  4  57960
    183.09800      28.41970  -40.0  4  57960
    180.81900      20.31740  -15.0  4  57960
    182.08800      22.33280  -15.0  4  57960
    183.36800      24.44040  -20.0  4  57960
    184.63400      26.67390  -20.0  4  57960
    185.88300      28.96390   40.0  4  57960
    181.06600      16.49720  -10.0  4  57960
    182.30900      18.50320  -15.0  4  57960
    183.57300      20.55990  -20.0  4  57960
    184.84400      22.69750  -20.0  4  57960
    186.11700      24.91860  -15.0  4  57960
    187.38300      27.19530   40.0  4  57960
    180.09000      10.67380  -10.0  4  57960
    181.29800      12.66490  -10.0  4  57960
    182.52500      14.66920  -10.0  4  57960
    183.76700      16.70300  -15.0  4  57960
    185.02300      18.78540  -15.0  4  57960
    186.28600      20.93710  -15.0  4  57960
    187.56000      23.14680  -20.0  4  57960
    188.83200      25.41130  -25.0  4  57960
    190.03000      27.75000   40.0  4  57960
    180.32300       6.80601   -5.0  4  57960
    181.51500       8.80999  -10.0  4  57960
    182.72400      10.82200  -10.0  4  57960
    183.95100      12.84920  -10.0  4  57960
    185.19600      14.90210    0.0  4  57960
    186.44500      16.99970  -15.0  4  57960
    187.70000      19.15660  -20.0  4  57960
    188.97100      21.35600  -15.0  4  57960
    190.24100      23.60930  -15.0  4  57960
    191.48400      25.91520  -25.0  4  57960
    180.54000       2.92507    5.0  4  57960
    181.73700       4.93147  -10.0  4  57960
    182.92400       6.94890  -10.0  4  57960
    184.12800       8.97797   -5.0  4  57960
    185.35000      11.02440    0.0  4  57960
    186.59000      13.09490   -5.0  4  57960
    187.84500      15.19820   -5.0  4  57960
    189.09100      17.35380  -15.0  4  57960
    190.35400      19.54390  -15.0  4  57960
    191.61800      21.78720   -5.0  4  57960
    192.88000      24.07080   10.0  4  57960
    181.91200       1.04834    0.0  4  57960
    183.13200       3.05418    0.0  4  57960
    184.32300       5.08312    0.0  4  57960
    185.51700       7.12481    0.0  4  57960
    186.72900       9.18558   -5.0  4  57960
    187.96000      11.26950    0.0  4  57960
    189.20900      13.38080    0.0  4  57960
    190.46700      15.52860   -5.0  4  57960
    191.71700      17.71040  -20.0  4  57960
    192.97000      19.94480  -20.0  4  57960
    194.23600      22.21470    0.0  4  57960
    195.46700      24.53630   10.0  4  57960
    209.19100      15.62800    0.0  4  57960
    184.50100       1.17401    0.0  4  57960
    185.71200       3.20374    0.0  4  57960
    186.89700       5.25642   -5.0  4  57960
    188.09500       7.32794   -5.0  4  57960
    189.31200       9.42159   -5.0  4  57960
    190.54900      11.53930   -5.0  4  57960
    191.80500      13.68200    0.0  4  57960
    193.06600      15.85590  -10.0  4  57960
    194.30400      18.08250    0.0  4  57960
    195.56000      20.34360    5.0  4  57960
    196.81100      22.63990    5.0  4  57960
    204.40900      19.45300    0.0  4  57960
    205.61400      17.44650    0.0  4  57960
    206.77800      15.41420  -15.0  4  57960
    207.92400      13.35000    0.0  4  57960
    187.07500       1.31324    0.0  4  57960
    188.27500       3.36988    0.0  4  57960
    189.45500       5.44921    0.0  4  57960
    190.65400       7.54994   -5.0  4  57960
    191.87400       9.67315   -5.0  4  57960
    193.12100      11.81150  -10.0  4  57960
    194.37800      13.97890   -5.0  4  57960
    195.62500      16.19770    0.0  4  57960
    196.86300      18.45130    0.0  4  57960
    198.11800      20.73000    0.0  4  57960
    199.35600      23.04630    5.0  4  57960
    200.64900      21.09990    0.0  4  57960
    201.91200      19.14110    5.0  4  57960
    203.14600      17.16390    0.0  4  57960
    204.34400      15.16550    0.0  4  57960
    205.52400      13.13830    0.0  4  57960
    191.99300       5.65401   -5.0  4  57960
    193.19400       7.78055    0.0  4  57960
    194.42400       9.91443   -5.0  4  57960
    195.66900      12.07650   -5.0  4  57960
    196.91000      14.28900    0.0  4  57960
    198.15400      16.53490    5.0  4  57960
    199.39900      18.80570    0.0  4  57960
    200.66000      16.85930    0.0  4  57960
    201.88800      14.89000    0.0  4  57960
    203.09900      12.89710   -5.0  4  57960
    204.30100      10.87400  -10.0  4  57960
    205.50000       8.81654  -15.0  4  57960
    192.16100       1.62063   -5.0  4  57960
    195.72300       7.99113   -5.0  4  57960
    196.94900      10.14890   -5.0  4  57960
    198.17500      12.35640   -5.0  4  57960
    199.41100      14.59630    0.0  4  57960
    200.65000      12.63270  -10.0  4  57960
    201.88100      10.64430  -10.0  4  57960
    203.10800       8.62462  -10.0  4  57960
    194.66700       1.78378   -5.0  4  57960
    198.22500       8.19419   -5.0  4  57960
    199.43100      10.39760   -5.0  4  57960
    200.68400       8.41294  -10.0  4  57960
    114.84900      19.93940  -30.0  4  57960
    114.37000      17.66810  -30.0  4  57960
    113.22100      23.50710  -30.0  4  57960
    184.27900      30.72320  -40.0  4  57960
    182.17300      32.43800  -40.0  4  57960
    124.62700       2.43179  -20.0  4  57960
    122.19800       1.91769  -20.0  4  57960
    127.56700       4.86876   -5.0  4  57960
    125.22100       4.59505  -20.0  4  57960
    122.75500       4.12139  -20.0  4  57960
    128.18900       7.06070  -10.0  4  57960
    125.78100       6.73287  -10.0  4  57960
    123.30000       6.26758  -20.0  4  57960
    120.80700       5.70262  -20.0  4  57960
    133.53300       9.71188   -5.0  4  57960
    131.18000       9.49949   -5.0  4  57960
    128.78700       9.22896   -5.0  4  57960
    126.34100       8.86822   -5.0  4  57960
    123.84800       8.40525  -20.0  4  57960
    121.34000       7.84757  -20.0  4  57960
    138.95600      12.25770  -25.0  4  57960
    136.59200      12.10350  -30.0  4  57960
    134.21500      11.91840  -25.0  4  57960
    131.81700      11.68560  -25.0  4  57960
    129.38400      11.38970  -25.0  4  57960
    126.90900      11.00760  -20.0  4  57960
    124.40300      10.54470  -30.0  4  57960
    121.88000       9.98832  -20.0  4  57960
    119.37300       9.27600  -20.0  4  57960
    142.12800      14.60250  -20.0  4  57960
    139.72900      14.46710  -20.0  4  57960
    137.32100      14.30380  -15.0  4  57960
    134.89900      14.10630  -25.0  4  57960
    132.45700      13.86360  -25.0  4  57960
    129.99000      13.55090  -20.0  4  57960
    127.48900      13.15520  -20.0  4  57960
    124.96700      12.69050  -30.0  4  57960
    122.42900      12.13320  -30.0  4  57960
    119.89800      11.46260  -30.0  4  57960
    145.38600      16.89970  -15.0  4  57960
    142.94800      16.80900  -20.0  4  57960
    140.51200      16.66750  -25.0  4  57960
    138.06300      16.49490  -30.0  4  57960
    135.59800      16.28510  -15.0  4  57960
    133.11300      16.03050  -25.0  4  57960
    130.60800      15.71800  -20.0  4  57960
    128.08400      15.31480  -20.0  4  57960
    125.54500      14.84670  -30.0  4  57960
    122.98900      14.28660  -30.0  4  57960
    120.43500      13.63700  -30.0  4  57960
    117.90800      12.83080  -30.0  4  57960
    146.27500      19.06480  -20.0  4  57960
    143.79300      19.00300  -20.0  4  57960
    141.31200      18.86690  -15.0  4  57960
    138.82500      18.68540  -30.0  4  57960
    136.32000      18.46410  -30.0  4  57960
    133.79600      18.19760  -30.0  4  57960
    131.25400      17.87840  -25.0  4  57960
    128.69400      17.48970  -20.0  4  57960
    126.13600      17.01590  -20.0  4  57960
    123.56100      16.45140  -30.0  4  57960
    120.98300      15.80910  -30.0  4  57960
    118.42400      15.04440  -30.0  4  57960
    113.69600      25.78700  -30.0  4  57960
    114.22400      28.05980  -40.0  4  57960
    114.80400      30.33740  -40.0  4  57960
    144.67500      21.17600  -30.0  4  57960
    142.14400      21.06660  -20.0  4  57960
    139.61500      20.88090  -30.0  4  57960
    137.07200      20.64970  -30.0  4  57960
    134.51100      20.37230  -30.0  4  57960
    131.93200      20.04440  -25.0  4  57960
    129.33900      19.66060  -25.0  4  57960
    126.74100      19.20150  -20.0  4  57960
    124.14500      18.63040  -30.0  4  57960
    121.54200      17.98580  -30.0  4  57960
    118.95500      17.24750  -30.0  4  57960
    116.40200      16.38160  -30.0  4  57960
    115.34200      22.20140  -30.0  4  57960
    115.85200      24.45980  -30.0  4  57960
    116.39500      26.71670  -30.0  4  57960
    116.98600      28.97540  -40.0  4  57960
    117.62100      31.25390  -40.0  4  57960
    143.02200      23.25000  -25.0  4  57960
    140.43900      23.08590  -30.0  4  57960
    137.85700      22.84630  -30.0  4  57960
    135.25800      22.55920  -30.0  4  57960
    132.64200      22.22160  -25.0  4  57960
    130.01600      21.83880  -20.0  4  57960
    127.38300      21.38510  -20.0  4  57960
    124.74400      20.82770  -30.0  4  57960
    122.11800      20.17550  -30.0  4  57960
    119.50000      19.45090  -30.0  4  57960
    116.91000      18.61940  -30.0  4  57960
    117.43300      20.85160  -30.0  4  57960
    117.97200      23.08610  -30.0  4  57960
    118.53500      25.32680  -30.0  4  57960
    119.13900      27.56830  -40.0  4  57960
    119.78200      29.82670  -40.0  4  57960
    120.46900      32.10890  -40.0  4  57960
    141.31900      25.28230  -35.0  4  57960
    138.68000      25.05810  -30.0  4  57960
    136.04200      24.76110  -30.0  4  57960
    133.38800      24.41560  -30.0  4  57960
    130.72800      24.03120  -25.0  4  57960
    128.06000      23.57820  -20.0  4  57960
    125.38100      23.02530  -30.0  4  57960
    122.71000      22.38570  -30.0  4  57960
    120.05900      21.66040  -30.0  4  57960
    120.64000      23.88370  -30.0  4  57960
    121.25900      26.11020  -35.0  4  57960
    121.91100      28.35030  -40.0  4  57960
    122.60300      30.61160  -40.0  4  57960
    123.34300      32.89890  -40.0  4  57960
    139.56200      27.26930  -40.0  4  57960
    136.86700      26.98060  -40.0  4  57960
    134.17300      26.62890  -30.0  4  57960
    131.47600      26.24160  -30.0  4  57960
    128.77000      25.78630  -30.0  4  57960
    126.05300      25.23340  -30.0  4  57960
    123.33900      24.59740  -30.0  4  57960
    124.00300      26.82140  -40.0  4  57960
    124.70100      29.06340  -40.0  4  57960
    125.44300      31.32910  -40.0  4  57960
    126.23700      33.62130  -40.0  4  57960
    137.75100      29.20810  -40.0  4  57960
    135.00300      28.86300  -40.0  4  57960
    132.26500      28.47280  -40.0  4  57960
    129.51800      28.01420  -40.0  4  57960
    126.75900      27.45840  -40.0  4  57960
    127.50300      29.70400  -40.0  4  57960
    128.29400      31.97410  -40.0  4  57960
    129.14500      34.27030  -40.0  4  57960
    135.89300      31.10880  -40.0  4  57960
    133.10000      30.72560  -40.0  4  57960
    130.30700      30.26370  -40.0  4  57960
    131.14900      32.53740  -40.0  4  57960
    132.06800      34.82630  -40.0  4  57960
    134.00300      32.99260  -40.0  4  57960
    175.92800      30.23750  -40.0  4  57960
    178.78800      30.03620  -40.0  4  57960
    171.95700      28.62910  -40.0  4  57960
    174.61000      28.31130  -40.0  4  57960
    177.44200      28.09190  -40.0  4  57960
    168.10600      26.90580  -25.0  4  57960
    170.70600      26.63960  -25.0  4  57960
    173.38800      26.38760  -25.0  4  57960
    176.17600      26.18580  -20.0  4  57960
    179.00100      26.00950  -20.0  4  57960
    164.36700      25.07440  -25.0  4  57960
    166.92700      24.87060  -15.0  4  57960
    169.53400      24.65570  -20.0  4  57960
    172.21000      24.45450  -20.0  4  57960
    174.95600      24.27610  -15.0  4  57960
    177.74100      24.11800  -20.0  4  57960
    158.20900      23.26780  -20.0  4  57960
    160.72600      23.15140  -20.0  4  57960
    163.25600      23.00370  -15.0  4  57960
    165.81100      22.83870  -20.0  4  57960
    168.40900      22.66760  -20.0  4  57960
    171.06500      22.50830  -15.0  4  57960
    173.77100      22.35470  -20.0  4  57960
    176.51600      22.22060  -20.0  4  57960
    179.29400      22.17290  -15.0  4  57960
    154.67200      21.19590  -15.0  4  57960
    157.16500      21.14350  -20.0  4  57960
    159.67000      21.05680  -15.0  4  57960
    162.19100      20.94080  -20.0  4  57960
    164.73600      20.80460  -20.0  4  57960
    167.31700      20.67010  -15.0  4  57960
    169.94700      20.54590  -20.0  4  57960
    172.61400      20.41830  -20.0  4  57960
    175.32100      20.30980  -15.0  4  57960
    178.05700      20.24470  -10.0  4  57960
    151.21500      19.05670  -15.0  4  57960
    153.68500      19.04320  -15.0  4  57960
    156.15800      19.01880  -15.0  4  57960
    158.64600      18.96240  -20.0  4  57960
    161.15400      18.87890  -20.0  4  57960
    163.68700      18.77400  -15.0  4  57960
    166.25000      18.65880  -20.0  4  57960
    168.84900      18.56440  -20.0  4  57960
    171.47900      18.46400  -15.0  4  57960
    174.15100      18.38230  -10.0  4  57960
    176.85000      18.31990  -15.0  4  57960
    179.57600      18.34780  -15.0  4  57960
    179.31400       0.93810    0.0  4  57960
    150.26500      16.91470  -10.0  4  57960
    152.71900      16.89480  -15.0  4  57960
    155.17600      16.88680  -10.0  4  57960
    157.64300      16.86090  -20.0  4  57960
    160.13400      16.80990  -15.0  4  57960
    162.65000      16.73730  -15.0  4  57960
    165.19500      16.64910  -20.0  4  57960
    167.77000      16.56060  -15.0  4  57960
    170.36500      16.48950  -15.0  4  57960
    173.00200      16.43580  -10.0  4  57960
    175.66900      16.38900  -15.0  4  57960
    178.36000      16.39730  -10.0  4  57960
    179.14200       4.80534    0.0  4  57960
    177.94000       2.81800    5.0  4  57960
    176.71600       0.83117   10.0  4  57960
    151.76200      14.75960  -10.0  4  57960
    154.20500      14.74700    0.0  4  57960
    156.65400      14.74720   -5.0  4  57960
    159.12500      14.72770   -5.0  4  57960
    161.62100      14.68740  -15.0  4  57960
    164.14500      14.62900  -15.0  4  57960
    166.69500      14.55730  -20.0  4  57960
    169.26800      14.49150  -15.0  4  57960
    171.87300      14.46770  -10.0  4  57960
    174.51000      14.44580  -10.0  4  57960
    177.16800      14.44980  -10.0  4  57960
    179.84500      14.51820  -10.0  4  57960
    178.89900       8.68616  -10.0  4  57960
    177.72200       6.69658  -10.0  4  57960
    176.54200       4.70812   -5.0  4  57960
    175.34400       2.72113    5.0  4  57960
    174.13100       0.71570   10.0  4  57960
    153.23400      12.61640   -5.0  4  57960
    155.67400      12.61700   -5.0  4  57960
    158.12200      12.62810  -10.0  4  57960
    160.59700      12.61950  -15.0  4  57960
    163.09900      12.59280  -15.0  4  57960
    165.62300      12.54220  -15.0  4  57960
    168.17300      12.49250  -15.0  4  57960
    170.75900      12.47470    0.0  4  57960
    173.36500      12.48340   10.0  4  57960
    175.99400      12.49550   -5.0  4  57960
    178.64200      12.54950  -10.0  4  57960
    177.45800      10.57990   -5.0  4  57960
    176.28800       8.60214   -5.0  4  57960
    175.12200       6.61482    5.0  4  57960
    173.94800       4.62698    0.0  4  57960
    172.76300       2.62163   15.0  4  57960
    154.68400      10.48920   -5.0  4  57960
    157.12300      10.50690    0.0  4  57960
    159.57500      10.53100  -10.0  4  57960
    162.05500      10.53460  -10.0  4  57960
    164.55300      10.50840   -5.0  4  57960
    167.07800      10.48030  -10.0  4  57960
    169.64200      10.47930  -10.0  4  57960
    172.23100      10.49460   -5.0  4  57960
    174.83700      10.52840    5.0  4  57960
    173.68600       8.54295   -5.0  4  57960
    172.53000       6.55320   15.0  4  57960
    156.11100       8.38077   -5.0  4  57960
    158.55400       8.41872  -10.0  4  57960
    161.01000       8.45179   -5.0  4  57960
    163.48200       8.45171   -5.0  4  57960
    165.98400       8.44869  -10.0  4  57960
    168.52500       8.46985   -5.0  4  57960
    157.51800       6.29348   -5.0  4  57960
    159.96000       6.34293    0.0  4  57960
    162.40900       6.36940    0.0  4  57960
    164.88700       6.39297    0.0  4  57960
    167.40600       6.43974    0.0  4  57960
    177.04600      34.59170  -40.0  4  57960
    177.73400      32.17740  -40.0  4  57960
    174.38100      35.09140  -40.0  4  57960
    175.10300      32.65930  -40.0  4  57960
    171.72000      35.49640  -40.0  4  57960
    172.51400      33.07530  -40.0  4  57960
    173.36800      30.63830  -40.0  4  57960
    169.03700      35.83860  -40.0  4  57960
    169.91200      33.43610  -40.0  4  57960
    170.83300      31.01330  -40.0  4  57960
    166.32700      36.12160  -40.0  4  57960
    167.28600      33.74260  -40.0  4  57960
    168.28300      31.34160  -40.0  4  57960
    169.38500      28.95180  -40.0  4  57960
    162.53800      38.66450  -40.0  4  57960
    163.58700      36.34460  -40.0  4  57960
    164.63500      33.99410  -40.0  4  57960
    165.71000      31.61960  -40.0  4  57960
    166.83500      29.24280  -40.0  4  57960
    159.66000      38.79540  -35.0  4  57960
    160.81600      36.50640  -40.0  4  57960
    161.95500      34.18930  -40.0  4  57960
    163.11200      31.84610  -40.0  4  57960
    164.28400      29.49060  -40.0  4  57960
    165.54700      27.15320  -40.0  4  57960
    148.74500      19.07650  -15.0  4  57960
    156.77700      38.86990  -40.0  4  57960
    158.01500      36.60270  -40.0  4  57960
    159.24700      34.32510  -40.0  4  57960
    160.48700      32.01820  -40.0  4  57960
    161.72300      29.69000  -40.0  4  57960
    163.00600      27.36650  -40.0  4  57960
    152.18300      21.21430  -15.0  4  57960
    149.69300      21.22740  -15.0  4  57960
    147.19000      21.22740  -20.0  4  57960
    153.87500      38.88550  -40.0  4  57960
    155.20500      36.65190  -40.0  4  57960
    156.51000      34.39700  -40.0  4  57960
    157.83700      32.13220  -40.0  4  57960
    159.14700      29.83900  -40.0  4  57960
    160.46500      27.53860  -40.0  4  57960
    161.83000      25.25300  -20.0  4  57960
    155.69700      23.34660  -15.0  4  57960
    153.18500      23.38520  -20.0  4  57960
    150.66900      23.39640  -15.0  4  57960
    148.14300      23.38950  -15.0  4  57960
    145.59000      23.34950  -30.0  4  57960
    149.45200      40.99060  -35.0  4  57960
    150.95300      38.83710  -40.0  4  57960
    152.37800      36.64520  -40.0  4  57960
    153.76500      34.42580  -40.0  4  57960
    155.15800      32.18580  -40.0  4  57960
    156.54700      29.93650  -40.0  4  57960
    157.91500      27.66610  -40.0  4  57960
    159.30200      25.39820  -30.0  4  57960
    156.77300      25.50190  -30.0  4  57960
    154.23700      25.56120  -40.0  4  57960
    151.68800      25.58080  -35.0  4  57960
    149.13200      25.57210  -35.0  4  57960
    146.55200      25.52510  -40.0  4  57960
    143.94300      25.43680  -35.0  4  57960
    146.39600      40.81880  -40.0  4  57960
    148.00900      38.71940  -40.0  4  57960
    149.52800      36.57820  -40.0  4  57960
    151.00100      34.40320  -40.0  4  57960
    152.46800      32.20080  -40.0  4  57960
    153.91800      29.97760  -40.0  4  57960
    155.35100      27.74440  -40.0  4  57960
    152.76700      27.77480  -40.0  4  57960
    150.17200      27.77150  -40.0  4  57960
    147.55800      27.72290  -40.0  4  57960
    144.91800      27.62770  -40.0  4  57960
    142.24700      27.48420  -40.0  4  57960
    143.32800      40.56720  -40.0  4  57960
    145.04400      38.52920  -40.0  4  57960
    146.65700      36.44490  -40.0  4  57960
    148.21500      34.32190  -40.0  4  57960
    149.76100      32.16580  -40.0  4  57960
    151.27900      29.98140  -40.0  4  57960
    148.62100      29.93860  -40.0  4  57960
    145.94200      29.84210  -40.0  4  57960
    143.23500      29.69190  -40.0  4  57960
    140.49800      29.48780  -40.0  4  57960
    140.25600      40.24940  -40.0  4  57960
    142.06200      38.26530  -35.0  4  57960
    143.76400      36.24320  -40.0  4  57960
    145.40700      34.17800  -40.0  4  57960
    147.03200      32.07570  -40.0  4  57960
    144.28000      31.92460  -40.0  4  57960
    141.50200      31.71420  -40.0  4  57960
    138.69800      31.44530  -40.0  4  57960
    139.07400      37.93580  -40.0  4  57960
    140.85400      35.96970  -40.0  4  57960
    142.57800      33.96750  -40.0  4  57960
    139.72700      33.69290  -40.0  4  57960
    136.85800      33.36730  -40.0  4  57960
    137.93100      35.63850  -40.0  4  57960
    213.81800      11.64700  -20.0  4  57960
    210.31300      13.54890   -5.0  4  57960
    211.44300      11.45890   -5.0  4  57960
    212.59200       9.37764  -20.0  4  57960
    209.07300      11.27420   -5.0  4  57960
    210.23600       9.18661  -20.0  4  57960
    123.69000       0.13610  -20.0  4  57960
    128.16600       0.43707    0.0  4  57960
    126.86400       2.62154   -5.0  4  57960
    130.36700       0.58416    0.0  4  57960
    129.07100       2.77463   -5.0  4  57960
    132.57100       0.73048   -5.0  4  57960
    131.27500       2.91985   -5.0  4  57960
    129.84500       5.06077   -5.0  4  57960
    134.78200       0.87608   -5.0  4  57960
    133.48500       3.06119   -5.0  4  57960
    132.09500       5.22166    0.0  4  57960
    137.00500       1.02103   -5.0  4  57960
    135.70500       3.19901   -5.0  4  57960
    134.33700       5.36742   -5.0  4  57960
    132.83500       7.48275   -5.0  4  57960
    147.82600      16.92240  -20.0  4  57960
    137.93900       3.33507   -5.0  4  57960
    136.57800       5.50437   -5.0  4  57960
    144.52300      14.71050  -15.0  4  57960
    146.92300      14.76280  -20.0  4  57960
    149.33600      14.76670  -10.0  4  57960
    137.39700       7.78215   -5.0  4  57960
    135.86300       9.88554  -10.0  4  57960
    141.31500      12.38850  -15.0  4  57960
    143.67400      12.49900  -20.0  4  57960
    146.03900      12.57610  -15.0  4  57960
    148.41400      12.61040  -10.0  4  57960
    150.81600      12.61550  -10.0  4  57960
    139.67800       7.90913    0.0  4  57960
    138.18300      10.03160  -10.0  4  57960
    140.50200      10.15950  -15.0  4  57960
    142.82500      10.27220  -15.0  4  57960
    145.16000      10.36470  -15.0  4  57960
    147.50300      10.42450  -15.0  4  57960
    149.87000      10.46080   -5.0  4  57960
    152.26700      10.47450  -10.0  4  57960
    144.27500       8.13303    0.0  4  57960
    146.59300       8.21215   -5.0  4  57960
    151.29500       8.32029  -10.0  4  57960
    153.69200       8.34839    0.0  4  57960
    147.98700       6.06091    0.0  4  57960
    150.32500       6.13340   -5.0  4  57960
    152.69200       6.19397   -5.0  4  57960
    155.09400       6.24035  -10.0  4  57960
    150.66200       1.78686    0.0  4  57960
    151.68700       4.00551  -10.0  4  57960
    154.06100       4.08488    0.0  4  57960
    156.47100       4.15248    5.0  4  57960
    183.28400      -0.83117    0.0  4  57960
    178.08800      -1.04834    0.0  4  57960
    175.49900      -1.17401    0.0  4  57960
     -0.00000      31.71750  -40.0  4  0
     20.90520       0.00000    0.0  4  0
     43.99570       1.30675    0.0  4  0
     41.76540       1.15162    5.0  4  0
     42.99450      -1.02103    0.0  4  0
     44.29470      -3.19901    0.0  4  0
     39.51830       0.99185    5.0  4  0
     40.75630      -1.16702    0.0  4  0
     42.06120      -3.33507    0.0  4  0
     43.42190      -5.50437    0.0  4  0
     37.26730       0.84888    5.0  4  0
     38.50080      -1.31691    0.0  4  0
     39.81250      -3.47145    0.0  4  0
     41.17350      -5.63458    0.0  4  0
     35.00280       0.71423    0.0  4  0
     36.23880      -1.44705    0.0  4  0
     37.54380      -3.60877    0.0  4  0
     38.90950      -5.75883    0.0  4  0
     32.71790       0.58459    5.0  4  0
     33.96070      -1.56552    0.0  4  0
     35.26610      -3.72300    0.0  4  0
     36.62300      -5.88067    0.0  4  0
     30.40960       0.45585    5.0  4  0
     31.66190      -1.67808    0.0  4  0
     32.97190      -3.82466    0.0  4  0
     34.32710      -5.97852    0.0  4  0
     32.01270      -6.06091    0.0  4  0
     29.67540      -6.13340    0.0  4  0
     27.30790      -6.19397    0.0  4  0
     24.90610      -6.24035    0.0  4  0
     26.83290       2.42106    5.0  4  0
     28.07450       0.32757    5.0  4  0
     29.33780      -1.78686    0.0  4  0
     30.65520      -3.91753    0.0  4  0
     28.31270      -4.00551    0.0  4  0
     25.93850      -4.08488    0.0  4  0
     23.52920      -4.15248    0.0  4  0
     24.46080       2.27838    5.0  4  0
     25.71120       0.19846    5.0  4  0
     26.98640      -1.89406    0.0  4  0
     24.60250      -1.99506    0.0  4  0
     22.18930      -2.07498    0.0  4  0
     23.32070       0.08399    5.0  4  0
    357.04600      34.59170  -40.0  4  0
    357.73400      32.17740  -40.0  4  0
    354.38100      35.09140  -40.0  4  0
    355.10300      32.65930  -40.0  4  0
    352.51400      33.07530  -40.0  4  0
    353.36800      30.63830  -40.0  4  0
    349.91200      33.43610  -40.0  4  0
    350.83300      31.01330  -40.0  4  0
    347.28600      33.74260  -40.0  4  0
    348.28300      31.34160  -40.0  4  0
    349.38500      28.95180  -40.0  4  0
    344.63500      33.99410  -40.0  4  0
    345.71000      31.61960  -40.0  4  0
    346.83500      29.24280  -40.0  4  0
    343.11200      31.84610  -40.0  4  0
    344.28400      29.49060  -40.0  4  0
    345.54700      27.15320  -40.0  4  0
    328.74500      19.07650    5.0  4  0
    340.48700      32.01820  -40.0  4  0
    341.72300      29.69000  -40.0  4  0
    343.00600      27.36650  -40.0  4  0
    332.18300      21.21430   -5.0  4  0
    329.69300      21.22740   15.0  4  0
    337.83700      32.13220  -40.0  4  0
    339.14700      29.83900  -40.0  4  0
    340.46500      27.53860  -40.0  4  0
    341.83000      25.25300   10.0  4  0
    335.69700      23.34660  -10.0  4  0
    333.18500      23.38520   -5.0  4  0
    330.66900      23.39640    0.0  4  0
    328.14300      23.38950  -15.0  4  0
    336.54700      29.93650  -40.0  4  0
    337.91500      27.66610  -40.0  4  0
    339.30200      25.39820  -25.0  4  0
    336.77300      25.50190  -20.0  4  0
    334.23700      25.56120   -5.0  4  0
    331.68800      25.58080    0.0  4  0
    329.13200      25.57210  -15.0  4  0
    326.55200      25.52510   20.0  4  0
    333.91800      29.97760  -40.0  4  0
    335.35100      27.74440  -40.0  4  0
    332.76700      27.77480  -40.0  4  0
    330.17200      27.77150  -40.0  4  0
    327.55800      27.72290  -40.0  4  0
    331.27900      29.98140  -40.0  4  0
    328.62100      29.93860  -40.0  4  0
    355.92800      30.23750  -40.0  4  0
    358.78800      30.03620  -40.0  4  0
    351.95700      28.62910  -40.0  4  0
    354.61000      28.31130  -40.0  4  0
    357.44200      28.09190  -40.0  4  0
    348.10600      26.90580   35.0  4  0
    350.70600      26.63960   30.0  4  0
    353.38800      26.38760  -15.0  4  0
    356.17600      26.18580   30.0  4  0
    359.00100      26.00950  -20.0  4  0
    344.36700      25.07440   20.0  4  0
    346.92700      24.87060   10.0  4  0
    349.53400      24.65570    0.0  4  0
    352.21000      24.45450  -15.0  4  0
    354.95600      24.27610  -15.0  4  0
    357.74100      24.11800  -15.0  4  0
    338.20900      23.26780  -15.0  4  0
    340.72600      23.15140  -10.0  4  0
    343.25600      23.00370  -15.0  4  0
    345.81100      22.83870   10.0  4  0
    348.40900      22.66760    5.0  4  0
    351.06500      22.50830  -15.0  4  0
    353.77100      22.35470  -15.0  4  0
    356.51600      22.22060   15.0  4  0
    359.29400      22.17290  -10.0  4  0
    334.67200      21.19590  -10.0  4  0
    337.16500      21.14350  -15.0  4  0
    339.67000      21.05680  -15.0  4  0
    342.19100      20.94080  -15.0  4  0
    344.73600      20.80460  -10.0  4  0
    347.31700      20.67010   10.0  4  0
    349.94700      20.54590   10.0  4  0
    352.61400      20.41830    0.0  4  0
    355.32100      20.30980   -5.0  4  0
    358.05700      20.24470   -5.0  4  0
    331.21500      19.05670  -15.0  4  0
    333.68500      19.04320  -10.0  4  0
    336.15800      19.01880   -5.0  4  0
    338.64600      18.96240  -15.0  4  0
    341.15400      18.87890  -10.0  4  0
    343.68700      18.77400  -10.0  4  0
    346.25000      18.65880   10.0  4  0
    348.84900      18.56440   15.0  4  0
    351.47900      18.46400  -15.0  4  0
    354.15100      18.38230  -10.0  4  0
    356.85000      18.31990    0.0  4  0
    359.57600      18.34780  -20.0  4  0
    359.31400       0.93810   -5.0  4  0
      2.45478      34.90650   40.0  4  0
    359.83600      33.68950  -40.0  4  0
      4.27884      30.72320   40.0  4  0
      2.17265      32.43800  -40.0  4  0
      8.48757      29.58100   40.0  4  0
      6.77089      31.41240   40.0  4  0
      4.71404      33.21600   40.0  4  0
     12.60170      28.30850   40.0  4  0
     11.01780      30.19250   40.0  4  0
      9.25006      32.07210   40.0  4  0
      7.23185      33.92340   40.0  4  0
      5.02299      35.70580   40.0  4  0
     16.62470      26.91460   25.0  4  0
     15.14320      28.84210   40.0  4  0
     13.53910      30.76820   40.0  4  0
     11.75960      32.68550   40.0  4  0
      9.78073      34.57630   40.0  4  0
     21.88190      23.42370   30.0  4  0
     20.55470      25.39950   30.0  4  0
     19.16460      27.37130   40.0  4  0
     17.68290      29.33740   40.0  4  0
     16.07790      31.29910   40.0  4  0
     14.30850      33.24930   40.0  4  0
     12.37140      35.17610   40.0  4  0
     25.66910      21.75380   30.0  4  0
     24.40130      23.76470   25.0  4  0
     23.08420      25.77390   30.0  4  0
     21.70290      27.78190   40.0  4  0
     20.23590      29.78710   40.0  4  0
     18.64530      31.78110   40.0  4  0
     16.90050      33.76180   40.0  4  0
     29.37190      19.98220   25.0  4  0
     28.17670      22.03340   25.0  4  0
     26.92420      24.06680   20.0  4  0
     25.62100      26.10300   25.0  4  0
     24.25300      28.14110   40.0  4  0
     22.80290      30.17960   40.0  4  0
     21.24700      32.21270   40.0  4  0
     19.53880      34.22150   40.0  4  0
     30.68730      22.26550   20.0  4  0
     29.45990      24.32870   25.0  4  0
     28.17480      26.38510   25.0  4  0
     26.82530      28.44680   40.0  4  0
     25.39730      30.51200   40.0  4  0
     23.87330      32.57610   40.0  4  0
     32.01370      24.54070   20.0  4  0
     30.75200      26.61800   25.0  4  0
     29.42580      28.69860   40.0  4  0
     28.02460      30.78490   40.0  4  0
     26.53500      32.87370   40.0  4  0
     32.05730      28.89610   40.0  4  0
     30.68730      30.99940   40.0  4  0
     29.23410      33.10790   40.0  4  0
     33.38530      31.15510   40.0  4  0
    358.26300      -4.93147    0.0  4  0
    358.08800      -1.04834    0.0  4  0
      0.29279      27.93440  -40.0  4  0
      1.46845      30.19350  -40.0  4  0
      0.56323      24.12820   10.0  4  0
      1.85208      26.17290  -25.0  4  0
      3.09814      28.41970   40.0  4  0
      0.81920      20.31740  -20.0  4  0
      2.08801      22.33280  -15.0  4  0
      3.36822      24.44040  -15.0  4  0
      4.63362      26.67390   25.0  4  0
      5.88310      28.96390   40.0  4  0
      2.30929      18.50320  -15.0  4  0
      3.57258      20.55990  -20.0  4  0
      4.84424      22.69750   10.0  4  0
      6.11713      24.91860   20.0  4  0
      7.38343      27.19530   40.0  4  0
      5.02302      18.78540  -15.0  4  0
      6.28606      20.93710    5.0  4  0
      7.56049      23.14680   20.0  4  0
      8.83170      25.41130   20.0  4  0
     10.03040      27.75000   40.0  4  0
      7.69982      19.15660   10.0  4  0
      8.97070      21.35600   15.0  4  0
     10.24090      23.60930   20.0  4  0
     11.48360      25.91520   25.0  4  0
     10.35390      19.54390   15.0  4  0
     11.61810      21.78720   20.0  4  0
     12.88000      24.07080   15.0  4  0
     14.07160      26.42410   30.0  4  0
      1.91234       1.04834   -5.0  4  0
     12.97020      19.94480   15.0  4  0
     14.23560      22.21470   20.0  4  0
     15.46720      24.53630   20.0  4  0
     26.89640      19.73720   25.0  4  0
      4.50131       1.17401    5.0  4  0
     14.30380      18.08250   15.0  4  0
     15.56020      20.34360   20.0  4  0
     16.81130      22.63990   15.0  4  0
     18.02060      24.98420   30.0  4  0
     23.16310      21.44220   30.0  4  0
     24.40890      19.45300   30.0  4  0
      7.07508       1.31324    5.0  4  0
     16.86300      18.45130   15.0  4  0
     18.11830      20.73000   30.0  4  0
     19.35580      23.04630   30.0  4  0
     20.64930      21.09990   30.0  4  0
     21.91200      19.14110   30.0  4  0
      9.62920       1.46314   10.0  4  0
     19.39930      18.80570   30.0  4  0
     12.16050       1.62063    5.0  4  0
     14.66700       1.78378    5.0  4  0
     17.15240       1.93633   10.0  4  0
     22.06110       2.14901    5.0  4  0
     19.62410       2.04974    5.0  4  0
      0.68647      -0.93810    0.0  4  0
      0.85828      -4.80534    0.0  4  0
      2.05989      -2.81800    0.0  4  0
      3.28403      -0.83117    0.0  4  0
      2.27804      -6.69658    0.0  4  0
      3.45835      -4.70812    0.0  4  0
      4.65570      -2.72113    0.0  4  0
      5.86909      -0.71570    0.0  4  0
      6.05209      -4.62698    0.0  4  0
      7.23654      -2.62163    0.0  4  0
      8.43649      -0.59259    0.0  4  0
      7.47001      -6.55320    0.0  4  0
      8.62886      -4.54730    0.0  4  0
      9.79771      -2.51858    0.0  4  0
     10.98220      -0.46291    0.0  4  0
     10.04360      -6.49493    0.0  4  0
     11.18470      -4.46599    0.0  4  0
     12.33590      -2.41089    0.0  4  0
     13.50390      -0.32756    0.0  4  0
     22.48170      -6.29348    0.0  4  0
     20.04000      -6.34293    0.0  4  0
     17.59130      -6.36940    0.0  4  0
     15.11310      -6.39297    0.0  4  0
     12.59360      -6.43974    0.0  4  0
     13.71480      -4.38477    0.0  4  0
     14.84730      -2.30227    0.0  4  0
     15.99800      -0.19130    0.0  4  0
     21.10300      -4.21755    0.0  4  0
     18.67010      -4.26040    0.0  4  0
     16.21340      -4.31096    0.0  4  0
     17.32650      -2.20108    0.0  4  0
     18.46620      -0.07397    0.0  4  0
     19.76960      -2.13379    0.0  4  0
     -0.00000      31.71750  -40.0  4  0
     20.90520       0.00000    0.0  4  0
    225.00000      35.26440   40.0  4  0
    127.66600      60.21940  -30.0  4  0
    132.06300      61.05570  -35.0  4  0
    136.66200      61.73960  -35.0  4  0
    133.36900      63.57000  -20.0  4  0
    144.13000      60.28060  -35.0  4  0
    141.45200      62.26100  -35.0  4  0
    138.36300      64.19780  -25.0  4  0
    148.83000      60.53980  -35.0  4  0
    146.40600      62.60870  -40.0  4  0
    143.58500      64.64340  -35.0  4  0
    140.26300      66.63290  -20.0  4  0
    153.57200      60.60970  -40.0  4  0
    151.48100      62.77400  -35.0  4  0
    156.58900      62.73000  -35.0  4  0
    154.49500      64.94400  -40.0  4  0
    160.00900      64.76550  -30.0  4  0
     42.82330       3.47536    0.0  4  0
     43.99570       1.30675    0.0  4  0
     40.57700       3.31197   10.0  4  0
     41.76540       1.15162    5.0  4  0
     42.99450      -1.02103    0.0  4  0
     44.29470      -3.19901    0.0  4  0
     38.33170       3.15791    5.0  4  0
     39.51830       0.99185    5.0  4  0
     40.75630      -1.16702    0.0  4  0
     42.06120      -3.33507    0.0  4  0
     43.42190      -5.50437    0.0  4  0
     34.90230       5.15482    5.0  4  0
     36.07430       3.01051    5.0  4  0
     37.26730       0.84888    0.0  4  0
     38.50080      -1.31691    0.0  4  0
     39.81250      -3.47145    0.0  4  0
     41.17350      -5.63458    0.0  4  0
     42.60330      -7.78215    0.0  4  0
     29.07340      11.27420   -5.0  4  0
     31.41760       7.10333    5.0  4  0
     32.60390       4.99596    0.0  4  0
     33.80010       2.86558    5.0  4  0
     35.00280       0.71423    5.0  4  0
     36.23880      -1.44705    0.0  4  0
     37.54380      -3.60877    0.0  4  0
     38.90950      -5.75883    0.0  4  0
     40.32220      -7.90913    0.0  4  0
     27.87480       9.00473    5.0  4  0
     29.07120       6.91946    0.0  4  0
     30.28510       4.83265    5.0  4  0
     31.50360       2.71968    5.0  4  0
     32.71790       0.58459    5.0  4  0
     33.96070      -1.56552    0.0  4  0
     35.26610      -3.72300    0.0  4  0
     36.62300      -5.88067    0.0  4  0
     26.71220       6.74607    5.0  4  0
     27.94300       4.66311    5.0  4  0
     29.18210       2.57135   10.0  4  0
     30.40960       0.45585    5.0  4  0
     31.66190      -1.67808    0.0  4  0
     32.97190      -3.82466    0.0  4  0
     34.32710      -5.97852    0.0  4  0
     32.01270      -6.06091    0.0  4  0
     29.67540      -6.13340    0.0  4  0
     27.30790      -6.19397    0.0  4  0
     24.90610      -6.24035    0.0  4  0
     25.58070       4.50197   10.0  4  0
     26.83290       2.42106    5.0  4  0
     28.07450       0.32757    5.0  4  0
     29.33780      -1.78686    0.0  4  0
     30.65520      -3.91753    0.0  4  0
     28.31270      -4.00551    0.0  4  0
     25.93850      -4.08488    0.0  4  0
     23.52920      -4.15248    0.0  4  0
     24.46080       2.27838    5.0  4  0
     25.71120       0.19846    5.0  4  0
     26.98640      -1.89406    0.0  4  0
     24.60250      -1.99506    0.0  4  0
     22.18930      -2.07498    0.0  4  0
     23.32070       0.08399    5.0  4  0
    111.70600      39.85260  -30.0  4  0
    112.24000      42.19230  -25.0  4  0
    112.80200      44.55700  -25.0  4  0
    114.78200      40.92540  -35.0  4  0
    115.40700      43.29080  -35.0  4  0
    117.91000      41.95260  -35.0  4  0
    118.63400      44.33720  -35.0  4  0
    120.32200      40.54570  -35.0  4  0
    121.09300      42.91880  -35.0  4  0
    123.45800      41.43160  -40.0  4  0
    124.34800      43.79880  -35.0  4  0
    139.64700      44.54120  -40.0  4  0
    126.66100      42.22260  -40.0  4  0
    127.65100      44.58990  -35.0  4  0
    136.38900      44.09980  -45.0  4  0
    138.36300      42.19460  -45.0  4  0
    129.89900      42.92460  -45.0  4  0
    133.13900      43.55710  -45.0  4  0
    135.20900      41.74140  -45.0  4  0
    357.04600      34.59170  -40.0  4  0
    357.73400      32.17740  -40.0  4  0
    354.38100      35.09140  -40.0  4  0
    355.10300      32.65930  -40.0  4  0
    352.51400      33.07530  -40.0  4  0
    353.36800      30.63830  -40.0  4  0
    349.91200      33.43610  -40.0  4  0
    350.83300      31.01330  -40.0  4  0
    347.28600      33.74260  -40.0  4  0
    348.28300      31.34160  -40.0  4  0
    349.38500      28.95180  -40.0  4  0
    344.63500      33.99410  -40.0  4  0
    345.71000      31.61960  -40.0  4  0
    346.83500      29.24280  -40.0  4  0
    343.11200      31.84610  -40.0  4  0
    344.28400      29.49060  -40.0  4  0
    345.54700      27.15320  -40.0  4  0
    328.74500      19.07650   15.0  4  0
    340.48700      32.01820  -40.0  4  0
    341.72300      29.69000  -40.0  4  0
    343.00600      27.36650  -40.0  4  0
    332.18300      21.21430   -5.0  4  0
    329.69300      21.22740   15.0  4  0
    337.83700      32.13220  -40.0  4  0
    339.14700      29.83900  -40.0  4  0
    340.46500      27.53860  -40.0  4  0
    341.83000      25.25300   10.0  4  0
    335.69700      23.34660  -10.0  4  0
    333.18500      23.38520   -5.0  4  0
    330.66900      23.39640    0.0  4  0
    328.14300      23.38950  -15.0  4  0
    336.54700      29.93650  -40.0  4  0
    337.91500      27.66610  -40.0  4  0
    339.30200      25.39820  -25.0  4  0
    336.77300      25.50190  -20.0  4  0
    334.23700      25.56120   -5.0  4  0
    331.68800      25.58080    0.0  4  0
    329.13200      25.57210  -15.0  4  0
    326.55200      25.52510   20.0  4  0
    333.91800      29.97760  -40.0  4  0
    335.35100      27.74440  -40.0  4  0
    332.76700      27.77480  -40.0  4  0
    330.17200      27.77150  -40.0  4  0
    327.55800      27.72290  -40.0  4  0
    331.27900      29.98140  -40.0  4  0
    328.62100      29.93860  -40.0  4  0
    194.07200      26.42410  -30.0  4  0
    210.50000      17.90550  -20.0  4  0
    206.89600      19.73720    0.0  4  0
    208.06500      17.69690    0.0  4  0
    198.02100      24.98420   10.0  4  0
    203.16300      21.44220    5.0  4  0
    244.62200      57.72940    0.0  4  0
    241.61100      56.15640    5.0  4  0
    245.51000      55.18960    5.0  4  0
    249.34500      54.13020   10.0  4  0
    230.92300      55.93600   10.0  4  0
    238.85700      54.51900    5.0  4  0
    242.70500      53.65390    5.0  4  0
    250.19700      51.64410    0.0  4  0
    228.57000      54.06740   -5.0  4  0
    236.31900      52.83420    5.0  4  0
    240.09300      52.05160    5.0  4  0
    243.81500      51.19240    0.0  4  0
    247.45700      50.23540    0.0  4  0
    251.04000      49.20310    5.0  4  0
    254.54400      48.10380    5.0  4  0
    248.73700      31.12080   40.0  4  0
    230.20600      51.68740    0.0  4  0
    233.95400      51.10170    5.0  4  0
    237.64900      50.40600    5.0  4  0
    241.29000      49.61630    0.0  4  0
    244.86300      48.75510   15.0  4  0
    248.39500      47.81750   10.0  4  0
    251.85800      46.80030   10.0  4  0
    255.27300      45.75240    5.0  4  0
    250.20800      34.79010   40.0  4  0
    247.99800      33.36290   40.0  4  0
    245.83100      31.90840   40.0  4  0
    228.09400      49.81800   15.0  4  0
    231.73900      49.32010   10.0  4  0
    235.34600      48.71170   10.0  4  0
    238.90300      47.99930   10.0  4  0
    242.40700      47.20440   15.0  4  0
    245.87800      46.36100   15.0  4  0
    249.29600      45.43240   15.0  4  0
    252.65600      44.44710   15.0  4  0
    255.97700      43.44470   15.0  4  0
    251.74100      38.47860   20.0  4  0
    249.43500      37.06610   20.0  4  0
    247.20000      35.61860   40.0  4  0
    245.02100      34.14230   40.0  4  0
    242.88800      32.61850   40.0  4  0
    233.16900      46.96650   15.0  4  0
    236.63900      46.33300   15.0  4  0
    240.06800      45.61320   20.0  4  0
    243.47800      44.83510   20.0  4  0
    246.84300      43.99910   20.0  4  0
    250.15300      43.08480   15.0  4  0
    253.41900      42.13290   10.0  4  0
    250.97000      40.77040   25.0  4  0
    248.61800      39.35520   20.0  4  0
    246.34900      37.89160   20.0  4  0
    244.15000      36.39360   40.0  4  0
    242.00900      34.84700   40.0  4  0
    239.91900      33.24800   40.0  4  0
    227.69100      45.60700    0.0  4  0
    231.10600      45.16790   10.0  4  0
    234.48400      44.61430   10.0  4  0
    237.83600      43.97280   15.0  4  0
    241.18000      43.26920   15.0  4  0
    244.49200      42.49710   15.0  4  0
    247.75600      41.66360   20.0  4  0
    245.44800      40.18380   20.0  4  0
    243.21900      38.66450   20.0  4  0
    241.06500      37.09520   15.0  4  0
    238.97200      35.47280   40.0  4  0
    236.93300      33.79550   40.0  4  0
    222.50500      43.94790   10.0  4  0
    225.83300      43.67600   15.0  4  0
    229.14600      43.31620   10.0  4  0
    232.43000      42.84120   10.0  4  0
    235.70200      42.27920    5.0  4  0
    238.97700      41.65360   10.0  4  0
    242.23100      40.95510   20.0  4  0
    240.05300      39.36330   20.0  4  0
    237.95200      37.71750   20.0  4  0
    235.91700      36.01640   40.0  4  0
    233.93800      34.26020   40.0  4  0
    224.05700      41.70950   20.0  4  0
    227.27600      41.41250   15.0  4  0
    230.46800      41.01400   15.0  4  0
    233.65800      40.53060   15.0  4  0
    236.86000      39.98450   15.0  4  0
    234.82400      38.25960   15.0  4  0
    232.85600      36.47950   40.0  4  0
    230.94500      34.64570   40.0  4  0
    225.48400      39.46900   20.0  4  0
    228.59000      39.13350   15.0  4  0
    231.69600      38.72680   15.0  4  0
    229.80300      36.86940   40.0  4  0
    227.96200      34.97220   40.0  4  0
    226.77400      37.21270   15.0  4  0
    355.92800      30.23750  -40.0  4  0
    358.78800      30.03620  -40.0  4  0
    351.95700      28.62910  -40.0  4  0
    354.61000      28.31130  -40.0  4  0
    357.44200      28.09190  -40.0  4  0
    348.10600      26.90580   35.0  4  0
    350.70600      26.63960   30.0  4  0
    353.38800      26.38760   30.0  4  0
    356.17600      26.18580   30.0  4  0
    359.00100      26.00950  -20.0  4  0
    344.36700      25.07440   20.0  4  0
    346.92700      24.87060   10.0  4  0
    349.53400      24.65570    0.0  4  0
    352.21000      24.45450  -15.0  4  0
    354.95600      24.27610  -15.0  4  0
    357.74100      24.11800  -15.0  4  0
    338.20900      23.26780  -15.0  4  0
    340.72600      23.15140  -10.0  4  0
    343.25600      23.00370  -15.0  4  0
    345.81100      22.83870   10.0  4  0
    348.40900      22.66760    5.0  4  0
    351.06500      22.50830  -15.0  4  0
    353.77100      22.35470  -15.0  4  0
    356.51600      22.22060   15.0  4  0
    359.29400      22.17290  -10.0  4  0
    334.67200      21.19590  -10.0  4  0
    337.16500      21.14350  -20.0  4  0
    339.67000      21.05680  -15.0  4  0
    342.19100      20.94080  -15.0  4  0
    344.73600      20.80460  -10.0  4  0
    347.31700      20.67010   10.0  4  0
    349.94700      20.54590   10.0  4  0
    352.61400      20.41830    0.0  4  0
    355.32100      20.30980   -5.0  4  0
    358.05700      20.24470   -5.0  4  0
    331.21500      19.05670  -15.0  4  0
    333.68500      19.04320  -10.0  4  0
    336.15800      19.01880  -10.0  4  0
    338.64600      18.96240  -15.0  4  0
    341.15400      18.87890  -10.0  4  0
    343.68700      18.77400  -10.0  4  0
    346.25000      18.65880   10.0  4  0
    348.84900      18.56440   15.0  4  0
    351.47900      18.46400  -15.0  4  0
    354.15100      18.38230  -10.0  4  0
    356.85000      18.31990    0.0  4  0
    359.57600      18.34780  -20.0  4  0
    359.31400       0.93810   -5.0  4  0
    330.26500      16.91470  -15.0  4  0
    332.71900      16.89480   -5.0  4  0
    335.17600      16.88680  -10.0  4  0
    337.64300      16.86090  -10.0  4  0
    340.13400      16.80990  -10.0  4  0
    342.65000      16.73730   25.0  4  0
    345.19500      16.64910  -10.0  4  0
    347.77000      16.56060   10.0  4  0
    350.36500      16.48950  -20.0  4  0
    353.00200      16.43580  -10.0  4  0
    355.66900      16.38900  -15.0  4  0
    358.36100      16.39730  -15.0  4  0
    359.14200       4.80534   -5.0  4  0
    357.94000       2.81800   -5.0  4  0
    331.76200      14.75960  -15.0  4  0
    334.20500      14.74700   -5.0  4  0
    336.65400      14.74720   -5.0  4  0
    339.12500      14.72770    0.0  4  0
    341.62100      14.68740   -5.0  4  0
    344.14500      14.62900  -15.0  4  0
    346.69500      14.55730   10.0  4  0
    349.26800      14.49150  -10.0  4  0
    351.87300      14.46770   -5.0  4  0
    354.51000      14.44580   -5.0  4  0
    357.16800      14.44980  -15.0  4  0
    359.84500      14.51820  -10.0  4  0
    358.89900       8.68616    0.0  4  0
    357.72200       6.69658    5.0  4  0
    333.23400      12.61640    0.0  4  0
    335.67400      12.61700    5.0  4  0
    338.12200      12.62810    0.0  4  0
    340.59700      12.61950  -10.0  4  0
    343.09900      12.59280   15.0  4  0
    345.62300      12.54220   10.0  4  0
    348.17300      12.49250  -10.0  4  0
    350.75900      12.47470   -5.0  4  0
    353.36500      12.48340  -10.0  4  0
    355.99400      12.49550  -10.0  4  0
    358.64200      12.54950   -5.0  4  0
    357.45800      10.57990   -5.0  4  0
    356.28800       8.60214    0.0  4  0
    355.12200       6.61482    5.0  4  0
    334.68400      10.48920    5.0  4  0
    337.12300      10.50690   10.0  4  0
    339.57500      10.53100    5.0  4  0
    342.05500      10.53460   15.0  4  0
    344.55300      10.50840   15.0  4  0
    347.07800      10.48030  -10.0  4  0
    349.64200      10.47930  -10.0  4  0
    352.23100      10.49460   15.0  4  0
    354.83700      10.52840  -10.0  4  0
    353.68600       8.54295    5.0  4  0
    352.53000       6.55320    5.0  4  0
    336.11100       8.38077   20.0  4  0
    338.55400       8.41872   20.0  4  0
    341.01000       8.45179   20.0  4  0
    343.48200       8.45171    5.0  4  0
    345.98400       8.44869    0.0  4  0
    348.52500       8.46985    0.0  4  0
    351.09500       8.50239    0.0  4  0
    349.95600       6.49493    5.0  4  0
    337.51800       6.29348   20.0  4  0
    339.96000       6.34293   20.0  4  0
    342.40900       6.36940   15.0  4  0
    344.88700       6.39297   10.0  4  0
    347.40600       6.43974   10.0  4  0
    208.44400      61.49610  -15.0  4  0
    203.54900      61.25500  -10.0  4  0
    188.48800      29.58100   40.0  4  0
    186.77100      31.41240   40.0  4  0
    184.71400      33.21600   40.0  4  0
    192.60200      28.30850   40.0  4  0
    191.01800      30.19250   40.0  4  0
    189.25000      32.07210   40.0  4  0
    187.23200      33.92340   40.0  4  0
    185.02300      35.70580   40.0  4  0
    196.62500      26.91460   10.0  4  0
    195.14300      28.84210   40.0  4  0
    193.53900      30.76820   40.0  4  0
    191.76000      32.68550   40.0  4  0
    189.78100      34.57630   40.0  4  0
    187.61300      36.41020   40.0  4  0
    201.88200      23.42370    5.0  4  0
    200.55500      25.39950   10.0  4  0
    199.16500      27.37130   40.0  4  0
    197.68300      29.33740   40.0  4  0
    196.07800      31.29910   40.0  4  0
    194.30800      33.24930   40.0  4  0
    192.37100      35.17610   40.0  4  0
    190.24700      37.05350  -30.0  4  0
    187.86900      38.81480  -30.0  4  0
    205.66900      21.75380    0.0  4  0
    204.40100      23.76470   10.0  4  0
    203.08400      25.77390   15.0  4  0
    201.70300      27.78190   40.0  4  0
    200.23600      29.78710   40.0  4  0
    198.64500      31.78110   40.0  4  0
    196.90000      33.76180   40.0  4  0
    195.00800      35.72150   40.0  4  0
    192.92900      37.63900  -25.0  4  0
    190.63700      39.47690  -25.0  4  0
    209.37200      19.98220    0.0  4  0
    208.17700      22.03340    0.0  4  0
    206.92400      24.06680   10.0  4  0
    205.62100      26.10300   10.0  4  0
    204.25300      28.14110   40.0  4  0
    202.80300      30.17960   40.0  4  0
    201.24700      32.21270   40.0  4  0
    199.53900      34.22150   40.0  4  0
    197.69300      36.21110   40.0  4  0
    195.66400      38.16540   10.0  4  0
    193.44600      40.06340  -30.0  4  0
    190.95600      41.84240  -25.0  4  0
    210.68700      22.26550    0.0  4  0
    209.46000      24.32870   10.0  4  0
    208.17500      26.38510   10.0  4  0
    206.82500      28.44680   40.0  4  0
    205.39700      30.51200   40.0  4  0
    203.87300      32.57610   40.0  4  0
    202.22500      34.62860   40.0  4  0
    200.42800      36.64410   40.0  4  0
    198.45200      38.63210   10.0  4  0
    196.29900      40.58020   10.0  4  0
    193.90800      42.44150  -30.0  4  0
    213.19400      22.44050    5.0  4  0
    212.01400      24.54070   10.0  4  0
    210.75200      26.61800   10.0  4  0
    209.42600      28.69860   40.0  4  0
    208.02500      30.78490   40.0  4  0
    206.53500      32.87370   40.0  4  0
    204.94100      34.95830   40.0  4  0
    203.21200      37.02110   15.0  4  0
    201.29200      39.03890   15.0  4  0
    199.20100      41.02810   10.0  4  0
    196.90500      42.95620   10.0  4  0
    194.35100      44.78120  -20.0  4  0
    214.57200      24.68710   10.0  4  0
    213.35600      26.80090   10.0  4  0
    212.05700      28.89610   40.0  4  0
    210.68700      30.99940   40.0  4  0
    209.23400      33.10790   40.0  4  0
    207.69500      35.21800   40.0  4  0
    206.03100      37.31520   20.0  4  0
    204.18600      39.38380   20.0  4  0
    202.15800      41.40640   20.0  4  0
    199.95100      43.39020    5.0  4  0
    215.97400      26.91140   10.0  4  0
    214.72200      29.03980   40.0  4  0
    213.38500      31.15510   40.0  4  0
    211.97300      33.28000   40.0  4  0
    210.49000      35.40910   40.0  4  0
    208.88900      37.53300   15.0  4  0
    207.11700      39.63930   15.0  4  0
    205.17400      41.71610   15.0  4  0
    203.04600      43.74600    5.0  4  0
    206.19600      44.01960    5.0  4  0
    209.38500      44.19190   15.0  4  0
    212.61300      44.27170   10.0  4  0
    215.88100      44.25600   15.0  4  0
    219.18600      44.14120    5.0  4  0
    217.40900      29.10790   40.0  4  0
    216.11900      31.25170   40.0  4  0
    214.75100      33.38920   40.0  4  0
    213.32500      35.53340   40.0  4  0
    211.78800      37.67810   20.0  4  0
    210.08800      39.81420   15.0  4  0
    208.22800      41.93180   15.0  4  0
    211.32200      42.06030   15.0  4  0
    214.45500      42.10470   15.0  4  0
    217.62700      42.06030   15.0  4  0
    220.83500      41.92200   20.0  4  0
    218.88000      31.27270   40.0  4  0
    217.56800      33.43240   40.0  4  0
    216.19900      35.58870   40.0  4  0
    214.72600      37.75010   15.0  4  0
    213.09900      39.91000   20.0  4  0
    216.14800      39.92810   20.0  4  0
    219.23600      39.86210   20.0  4  0
    222.35800      39.70590   20.0  4  0
    220.41300      33.39820   40.0  4  0
    219.10900      35.57390   40.0  4  0
    217.70200      37.74890   20.0  4  0
    220.71400      37.66690   20.0  4  0
    223.75100      37.48750   20.0  4  0
    222.04700      35.47150   40.0  4  0
      2.45478      34.90650   40.0  4  0
    359.83600      33.68950  -40.0  4  0
      4.27884      30.72320   40.0  4  0
      2.17265      32.43800  -40.0  4  0
      8.48757      29.58100   40.0  4  0
      6.77089      31.41240   40.0  4  0
      4.71404      33.21600   40.0  4  0
     12.60170      28.30850   40.0  4  0
     11.01780      30.19250   40.0  4  0
      9.25006      32.07210   40.0  4  0
      7.23185      33.92340   40.0  4  0
      5.02299      35.70580   40.0  4  0
     16.62470      26.91460   10.0  4  0
     15.14320      28.84210   40.0  4  0
     13.53910      30.76820   40.0  4  0
     11.75960      32.68550   40.0  4  0
      9.78073      34.57630   40.0  4  0
     21.88190      23.42370   30.0  4  0
     20.55470      25.39950   30.0  4  0
     19.16460      27.37130   40.0  4  0
     17.68290      29.33740   40.0  4  0
     16.07790      31.29910   40.0  4  0
     14.30850      33.24930   40.0  4  0
     12.37140      35.17610   40.0  4  0
     25.66910      21.75380   30.0  4  0
     24.40130      23.76470   25.0  4  0
     23.08420      25.77390   30.0  4  0
     21.70290      27.78190   40.0  4  0
     20.23590      29.78710   40.0  4  0
     18.64530      31.78110   40.0  4  0
     16.90050      33.76180   40.0  4  0
     29.37190      19.98220   25.0  4  0
     28.17670      22.03340   25.0  4  0
     26.92420      24.06680   20.0  4  0
     25.62100      26.10300   25.0  4  0
     24.25300      28.14110   40.0  4  0
     22.80290      30.17960   40.0  4  0
     21.24700      32.21270   40.0  4  0
     19.53880      34.22150   40.0  4  0
     30.68730      22.26550   20.0  4  0
     29.45990      24.32870   25.0  4  0
     28.17480      26.38510   25.0  4  0
     26.82530      28.44680   40.0  4  0
     25.39730      30.51200   40.0  4  0
     23.87330      32.57610   40.0  4  0
     32.01370      24.54070   20.0  4  0
     30.75200      26.61800   25.0  4  0
     29.42580      28.69860   40.0  4  0
     28.02460      30.78490   40.0  4  0
     26.53500      32.87370   40.0  4  0
     32.05730      28.89610   40.0  4  0
     30.68730      30.99940   40.0  4  0
     29.23410      33.10790   40.0  4  0
     33.38530      31.15510   40.0  4  0
    358.26300      -4.93147    0.0  4  0
    358.08800      -1.04834    0.0  4  0
    254.14100      39.84520   15.0  4  0
    256.64300      41.16690   15.0  4  0
    252.47100      36.20050   40.0  4  0
    254.82000      37.57230   20.0  4  0
    259.81800      40.20120   15.0  4  0
    250.93000      32.52740   40.0  4  0
    253.16400      33.92690   40.0  4  0
    255.45900      35.30390   40.0  4  0
    257.84800      36.64630   40.0  4  0
    251.59700      30.27360   40.0  4  0
    253.81100      31.65400   40.0  4  0
    256.06600      33.03110   40.0  4  0
    258.39500      34.38190   40.0  4  0
    260.81900      35.70360   40.0  4  0
    254.40300      29.38540   40.0  4  0
    256.63500      30.74680   40.0  4  0
    258.91000      32.10400   40.0  4  0
    261.26900      33.43610   40.0  4  0
    257.15100      28.46050   40.0  4  0
    259.39800      29.80820   40.0  4  0
    261.69200      31.14940   40.0  4  0
    259.83700      27.50200   40.0  4  0
    173.86600      37.40860  -25.0  4  0
    170.43800      40.13600  -25.0  4  0
    171.04500      37.84770  -30.0  4  0
    166.71700      42.75830  -40.0  4  0
    167.46500      40.49620  -40.0  4  0
    168.22500      38.19360  -40.0  4  0
    163.59100      43.02520  -40.0  4  0
    164.49000      40.76290  -40.0  4  0
    165.39200      38.46400  -35.0  4  0
    160.46700      43.20190  -35.0  4  0
    161.50400      40.94770  -35.0  4  0
    157.33800      43.29680  -40.0  4  0
    158.51600      41.06130  -40.0  4  0
    154.19800      43.31280  -40.0  4  0
    155.51400      41.10820  -40.0  4  0
    151.04300      43.24890  -40.0  4  0
    152.49200      41.08600  -40.0  4  0
    147.87500      43.10270  -40.0  4  0
    142.92100      44.89910  -35.0  4  0
    144.69700      42.87080  -40.0  4  0
    141.52600      42.57260  -40.0  4  0
    182.45500      34.90650  -40.0  4  0
    179.83600      33.68950  -40.0  4  0
    185.12700      38.05850  -25.0  4  0
    182.38600      37.14890  -25.0  4  0
    179.64300      35.95680  -40.0  4  0
    188.03900      41.14850  -20.0  4  0
    185.14700      40.33580  -25.0  4  0
    182.27500      39.35620  -20.0  4  0
    179.44400      38.16490  -30.0  4  0
    176.72500      36.81950  -40.0  4  0
    191.24100      44.16670  -25.0  4  0
    188.17200      43.44110  -25.0  4  0
    185.14100      42.58350  -25.0  4  0
    182.15300      41.56060  -30.0  4  0
    179.23300      40.36450  -25.0  4  0
    176.42800      39.01620  -25.0  4  0
    185.12500      44.82270  -25.0  4  0
    182.02200      43.76990  -30.0  4  0
    179.00800      42.56640  -30.0  4  0
    176.11700      41.20970  -30.0  4  0
    173.42000      39.65870  -25.0  4  0
    178.76600      44.77540  -30.0  4  0
    175.78500      43.40750  -30.0  4  0
    172.97900      41.88040  -25.0  4  0
    172.51700      44.09150  -20.0  4  0
    169.84500      42.38470  -25.0  4  0
    169.23500      44.61050  -40.0  4  0
    165.95000      44.99350  -40.0  4  0
    158.33300      60.50240  -30.0  4  0
    198.72400      60.81810   -5.0  4  0
    194.02300      60.18670  -10.0  4  0
    163.06500      60.21210  -30.0  4  0
    161.68000      62.48970  -30.0  4  0
    194.74300      62.51000   -5.0  4  0
    189.87400      61.70160   -5.0  4  0
    185.26200      60.71480    0.0  4  0
    166.69100      62.05120  -35.0  4  0
    165.44500      64.37250    0.0  4  0
    190.33400      64.05250    0.0  4  0
    185.35100      63.06620    0.0  4  0
    180.69600      61.92380    0.0  4  0
    176.35700      60.61270   -5.0  4  0
    171.60100      61.42860   -5.0  4  0
    170.72700      63.76380   -5.0  4  0
    169.69300      66.12770   15.0  4  0
    180.45700      64.28810    5.0  4  0
    175.83200      62.95220    5.0  4  0
    175.21700      65.32170   -5.0  4  0
    174.52000      67.71880  -45.0  4  0
    180.21200      66.67920  -45.0  4  0
      0.29279      27.93440  -40.0  4  0
      1.46845      30.19350  -40.0  4  0
      0.56323      24.12820   10.0  4  0
      1.85208      26.17290  -25.0  4  0
      3.09814      28.41970   40.0  4  0
      0.81920      20.31740  -20.0  4  0
      2.08801      22.33280  -15.0  4  0
      3.36822      24.44040  -15.0  4  0
      4.63362      26.67390   25.0  4  0
      5.88310      28.96390   40.0  4  0
      1.06614      16.49720  -15.0  4  0
      2.30929      18.50320  -15.0  4  0
      3.57258      20.55990  -20.0  4  0
      4.84424      22.69750   10.0  4  0
      6.11713      24.91860   20.0  4  0
      7.38343      27.19530   40.0  4  0
      0.09000      10.67380   15.0  4  0
      1.29815      12.66490   10.0  4  0
      2.52521      14.66920   10.0  4  0
      3.76686      16.70300  -15.0  4  0
      5.02302      18.78540  -15.0  4  0
      6.28606      20.93710    5.0  4  0
      7.56049      23.14680   20.0  4  0
      8.83170      25.41130   20.0  4  0
     10.03040      27.75000   40.0  4  0
      0.32313       6.80601   -5.0  4  0
      1.51511       8.80999    0.0  4  0
      2.72395      10.82200   10.0  4  0
      3.95131      12.84920   10.0  4  0
      5.19567      14.90210   15.0  4  0
      6.44507      16.99970   15.0  4  0
      7.69982      19.15660   10.0  4  0
      8.97070      21.35600   15.0  4  0
     10.24090      23.60930   20.0  4  0
     11.48360      25.91520   25.0  4  0
      0.53981       2.92507   -5.0  4  0
      1.73704       4.93147  -10.0  4  0
      2.92368       6.94890    0.0  4  0
      4.12766       8.97797   -5.0  4  0
      5.34984      11.02440   10.0  4  0
      6.59048      13.09490    5.0  4  0
      7.84515      15.19820   10.0  4  0
      9.09123      17.35380   15.0  4  0
     10.35390      19.54390   15.0  4  0
     11.61810      21.78720   20.0  4  0
     12.88000      24.07080   15.0  4  0
     14.07160      26.42410   30.0  4  0
     30.49960      17.90550   25.0  4  0
      1.91234       1.04834   -5.0  4  0
      3.13214       3.05418   -5.0  4  0
      4.32310       5.08312   -5.0  4  0
      5.51679       7.12481   10.0  4  0
      6.72851       9.18558    5.0  4  0
      7.95953      11.26950    0.0  4  0
      9.20881      13.38080   10.0  4  0
     10.46730      15.52860   15.0  4  0
     11.71660      17.71040   15.0  4  0
     12.97020      19.94480   15.0  4  0
     14.23560      22.21470   20.0  4  0
     15.46720      24.53630   20.0  4  0
     26.89640      19.73720   25.0  4  0
     28.06470      17.69690   30.0  4  0
     29.19090      15.62800   30.0  4  0
      4.50131       1.17401    5.0  4  0
      5.71195       3.20374    5.0  4  0
      6.89707       5.25642    5.0  4  0
      8.09481       7.32794    5.0  4  0
      9.31156       9.42159    0.0  4  0
     10.54870      11.53930   15.0  4  0
     11.80520      13.68200   15.0  4  0
     13.06590      15.85590   10.0  4  0
     14.30380      18.08250   15.0  4  0
     15.56020      20.34360   20.0  4  0
     16.81130      22.63990   15.0  4  0
     18.02060      24.98420   30.0  4  0
     23.16310      21.44220   30.0  4  0
     24.40890      19.45300   30.0  4  0
     25.61430      17.44650   30.0  4  0
     26.77780      15.41420   30.0  4  0
     27.92350      13.35000   25.0  4  0
      7.07508       1.31324    5.0  4  0
      8.27457       3.36988   10.0  4  0
      9.45510       5.44921   10.0  4  0
     10.65430       7.54994    5.0  4  0
     11.87410       9.67315    0.0  4  0
     13.12100      11.81150   15.0  4  0
     14.37800      13.97890   15.0  4  0
     15.62500      16.19770   15.0  4  0
     16.86300      18.45130   15.0  4  0
     18.11830      20.73000   30.0  4  0
     19.35580      23.04630   30.0  4  0
     20.64930      21.09990   30.0  4  0
     21.91200      19.14110   30.0  4  0
     23.14640      17.16390   30.0  4  0
     24.34390      15.16550   30.0  4  0
     25.52390      13.13830   30.0  4  0
     26.69440      11.07780   30.0  4  0
      9.62920       1.46314   10.0  4  0
     10.81640       3.54772    5.0  4  0
     11.99340       5.65401   10.0  4  0
     13.19360       7.78055    5.0  4  0
     14.42420       9.91443    5.0  4  0
     15.66870      12.07650   15.0  4  0
     16.90980      14.28900   30.0  4  0
     18.15440      16.53490   30.0  4  0
     19.39930      18.80570   30.0  4  0
     20.66050      16.85930    0.0  4  0
     21.88800      14.89000   30.0  4  0
     23.09920      12.89710   30.0  4  0
     24.30130      10.87400   30.0  4  0
     25.50000       8.81654    5.0  4  0
     12.16050       1.62063    5.0  4  0
     13.33480       3.73314   10.0  4  0
     14.51250       5.86091    5.0  4  0
     15.72270       7.99113    5.0  4  0
     16.94870      10.14890   30.0  4  0
     18.17520      12.35640   30.0  4  0
     19.41140      14.59630   30.0  4  0
     20.64990      12.63270   30.0  4  0
     21.88050      10.64430    5.0  4  0
     23.10820       8.62462    5.0  4  0
     24.33640       6.56997    5.0  4  0
     14.66700       1.78378    5.0  4  0
     15.83470       3.91268   10.0  4  0
     17.02170       6.03990   10.0  4  0
     18.22500       8.19419   -5.0  4  0
     19.43060      10.39760   30.0  4  0
     20.68440       8.41294   10.0  4  0
     21.93920       6.39636    5.0  4  0
     23.19720       4.34431   10.0  4  0
     17.15240       1.93633   10.0  4  0
     18.32580       4.06141    5.0  4  0
     19.50350       6.21278    5.0  4  0
     20.78600       4.19896   10.0  4  0
     22.06110       2.14901    5.0  4  0
     19.62410       2.04974    5.0  4  0
    214.01000      15.99020    5.0  4  0
    215.09900      13.90520  -10.0  4  0
    211.60000      15.82220    0.0  4  0
    212.69900      13.72940   -5.0  4  0
      0.68647      -0.93810    0.0  4  0
      0.85828      -4.80534    0.0  4  0
      2.05989      -2.81800    0.0  4  0
      3.28403      -0.83117    0.0  4  0
      2.27804      -6.69658    0.0  4  0
      3.45835      -4.70812    0.0  4  0
      4.65570      -2.72113    0.0  4  0
      5.86909      -0.71570    0.0  4  0
      6.05209      -4.62698    0.0  4  0
      7.23654      -2.62163    0.0  4  0
      8.43649      -0.59259    0.0  4  0
      7.47001      -6.55320    0.0  4  0
      8.62886      -4.54730    0.0  4  0
      9.79771      -2.51858    0.0  4  0
     10.98220      -0.46291    0.0  4  0
     10.04360      -6.49493    0.0  4  0
     11.18470      -4.46599    0.0  4  0
     12.33590      -2.41089    0.0  4  0
     13.50390      -0.32756    0.0  4  0
     22.48170      -6.29348    0.0  4  0
     20.04000      -6.34293    0.0  4  0
     17.59130      -6.36940    0.0  4  0
     15.11310      -6.39297    0.0  4  0
     12.59360      -6.43974    0.0  4  0
     13.71480      -4.38477    0.0  4  0
     14.84730      -2.30227    0.0  4  0
     15.99800      -0.19130    0.0  4  0
     21.10300      -4.21755    0.0  4  0
     18.67010      -4.26040    0.0  4  0
     16.21340      -4.31096    0.0  4  0
     17.32650      -2.20108    0.0  4  0
     18.46620      -0.07397    0.0  4  0
     19.76960      -2.13379    0.0  4  0
    247.35100      27.44840   40.0  4  0
    245.34000      25.95760    0.0  4  0
    212.93700      18.08690   -5.0  4  0
    246.60800      29.67940   40.0  4  0
    244.54100      28.18370   40.0  4  0
    216.44100      16.14610  -10.0  4  0
    215.38100      18.23450    0.0  4  0
    243.73200      30.39940   40.0  4  0
    241.69900      28.83140   40.0  4  0
    239.75100      27.20210   40.0  4  0
    219.92800      14.19780  -15.0  4  0
    218.89600      16.27800    0.0  4  0
    217.85200      18.36150    5.0  4  0
    216.80000      20.45700   -5.0  4  0
    240.82700      31.03570   40.0  4  0
    238.83500      29.39190   40.0  4  0
    236.92600      27.68990   40.0  4  0
    222.36900      14.29620  -15.0  4  0
    221.37100      16.37380    0.0  4  0
    219.31900      20.54710  -10.0  4  0
    218.25500      22.65410    0.0  4  0
    217.14800      24.78240  -10.0  4  0
    237.90400      31.58820   40.0  4  0
    235.96100      29.86730   40.0  4  0
    234.09500      28.09290   40.0  4  0
    221.86900      20.59870    0.0  4  0
    220.82800      22.70050    0.0  4  0
    219.74600      24.82080  -15.0  4  0
    218.61400      26.96360   40.0  4  0
    234.97200      32.05770   40.0  4  0
    233.08400      30.26060   40.0  4  0
    231.26400      28.42040   40.0  4  0
    229.47900      26.55610    0.0  4  0
    222.37800      24.81840  -15.0  4  0
    221.27500      26.95370   40.0  4  0
    220.11700      29.11220   40.0  4  0
    232.03900      32.44540   40.0  4  0
    230.20900      30.58550   40.0  4  0
    228.43300      28.70340   40.0  4  0
    223.97300      26.89450  -15.0  4  0
    222.84900      29.04600   40.0  4  0
    221.66500      31.22130   40.0  4  0
    229.10900      32.76770   40.0  4  0
    227.33100      30.86840   40.0  4  0
    225.62000      28.91780   40.0  4  0
    224.47600      31.08670   40.0  4  0
    223.28400      33.27870   40.0  4  0
    226.18300      33.05450   40.0  4  0
    249.44500      28.87820   40.0  4  0
    248.08500      25.20140    5.0  4  0
    252.23300      28.01420   40.0  4  0
    254.96600      27.10600   40.0  4  0
    257.63900      26.15890    0.0  4  0
    329.33600      14.76670  -15.0  4  0
    330.81600      12.61550    0.0  4  0
    327.50300      10.42450   30.0  4  0
    329.87000      10.46080    0.0  4  0
    332.26700      10.47450    0.0  4  0
    323.37700       5.88067    0.0  4  0
    321.96800       8.02678   20.0  4  0
    324.27500       8.13303  -10.0  4  0
    326.59300       8.21215   20.0  4  0
    328.93000       8.27468    0.0  4  0
    331.29500       8.32029   10.0  4  0
    333.69200       8.34839    5.0  4  0
    325.67300       5.97852   20.0  4  0
    327.98700       6.06091    0.0  4  0
    330.32500       6.13340    0.0  4  0
    332.69200       6.19397   20.0  4  0
    335.09400       6.24035   20.0  4  0
